2943	1024
8343	1024
913	1024
8214	1024
1271	1024
7221	1024
4747	1024
2594	1024
6470	1024
4884	1024
8533	1024
2202	1024
6372	1024
3832	1024
4565	1024
4964	1024
3368	1024
8054	1024
1346	1024
9232	1024
3952	1024
5479	1024
4844	1024
9632	1024
5267	1024
3731	1024
5240	1024
1791	1024
2068	1024
5534	1024
5929	1024
5010	1024
228	1024
3193	1024
9575	1024
1498	1024
413	1024
4322	1024
444	1024
3234	1024
5557	1024
8976	1024
5436	1024
1928	1024
2807	1024
10000	1024
3243	1024
2527	1024
4405	1024
940	1024
8110	1024
4709	1024
2771	1024
2954	1024
4340	1024
8037	1024
6684	1024
9579	1024
9828	1024
5103	1024
1464	1024
2108	1024
6464	1024
1692	1024
5300	1024
6039	1024
3189	1024
2065	1024
360	1024
3632	1024
5298	1024
5916	1024
8959	1024
7085	1024
4195	1024
8118	1024
3436	1024
7437	1024
644	1024
4193	1024
4729	1024
8753	1024
8901	1024
7499	1024
8058	1024
3240	1024
1887	1024
4741	1024
9170	1024
1714	1024
9843	1024
634	1024
173	1024
6307	1024
2325	1024
1825	1024
8697	1024
1865	1024
241	1024
9056	1024
1849	1024
5538	1024
1323	1024
807	1024
2623	1024
5517	1024
8924	1024
2410	1024
9305	1024
5919	1024
6602	1024
4033	1024
1024	1024
5502	1024
1531	1024
9081	1024
8741	1024
3418	1024
174	1024
4263	1024
1483	1024
6368	1024
1248	1024
8008	1024
9026	1024
9924	1024
6184	1024
7722	1024
1788	1024
6424	1024
6777	1024
9988	1024
8313	1024
4451	1024
7147	1024
7287	1024
9967	1024
6070	1024
9697	1024
9272	1024
8341	1024
6298	1024
9656	1024
5716	1024
1800	1024
7539	1024
4796	1024
6892	1024
956	1024
1321	1024
1154	1024
8790	1024
7689	1024
2401	1024
3149	1024
6714	1024
8676	1024
9332	1024
4436	1024
6816	1024
5755	1024
7564	1024
6803	1024
4068	1024
2015	1024
3949	1024
7706	1024
8333	1024
6371	1024
7402	1024
7604	1024
4711	1024
3700	1024
7260	1024
426	1024
5499	1024
1150	1024
1573	1024
2390	1024
8457	1024
2894	1024
9896	1024
7246	1024
6934	1024
8648	1024
6747	1024
3647	1024
7324	1024
6078	1024
4434	1024
4139	1024
8185	1024
1998	1024
941	1024
8604	1024
364	1024
1242	1024
6309	1024
8696	1024
7612	1024
3711	1024
2652	1024
8674	1024
7410	1024
6263	1024
5451	1024
9260	1024
7412	1024
7023	1024
1649	1024
5868	1024
6268	1024
1544	1024
9465	1024
3201	1024
192	1024
6211	1024
3200	1024
3867	1024
8641	1024
7633	1024
8005	1024
6825	1024
5982	1024
5297	1024
1780	1024
6345	1024
6538	1024
8088	1024
1393	1024
4149	1024
8150	1024
4044	1024
9174	1024
1911	1024
306	1024
4624	1024
1170	1024
7717	1024
7999	1024
2819	1024
3584	1024
4266	1024
714	1024
3048	1024
3819	1024
7257	1024
5611	1024
3370	1024
1123	1024
4251	1024
1002	1024
5479	1024
1075	1024
3336	1024
776	1024
9206	1024
6032	1024
7313	1024
3645	1024
7424	1024
7814	1024
1795	1024
7819	1024
6987	1024
3705	1024
8124	1024
7963	1024
1227	1024
2192	1024
5961	1024
397	1024
2127	1024
6578	1024
1110	1024
1527	1024
396	1024
8367	1024
7137	1024
3765	1024
5841	1024
1387	1024
1119	1024
1320	1024
8813	1024
806	1024
2095	1024
4370	1024
6837	1024
5759	1024
8014	1024
613	1024
9924	1024
9808	1024
8431	1024
3263	1024
9865	1024
2907	1024
1225	1024
7443	1024
5098	1024
7185	1024
7839	1024
3577	1024
3762	1024
5300	1024
5103	1024
510	1024
3666	1024
8591	1024
626	1024
5859	1024
9977	1024
1744	1024
7178	1024
5141	1024
8901	1024
5624	1024
9510	1024
5738	1024
7734	1024
3875	1024
6350	1024
7658	1024
35	1024
1132	1024
920	1024
6251	1024
4038	1024
2144	1024
3693	1024
9136	1024
5680	1024
1531	1024
9064	1024
9441	1024
6830	1024
4166	1024
9950	1024
6848	1024
2756	1024
6928	1024
9058	1024
9084	1024
8671	1024
6235	1024
576	1024
3924	1024
8210	1024
6437	1024
9661	1024
2295	1024
311	1024
2362	1024
9952	1024
345	1024
3493	1024
7223	1024
6595	1024
7531	1024
5718	1024
287	1024
3018	1024
1397	1024
8169	1024
2081	1024
7190	1024
1351	1024
2598	1024
3491	1024
8198	1024
5353	1024
418	1024
7255	1024
788	1024
5441	1024
9841	1024
1363	1024
9364	1024
4402	1024
7799	1024
5376	1024
6696	1024
8109	1024
7737	1024
3000	1024
4806	1024
1229	1024
6574	1024
7752	1024
5111	1024
2292	1024
8039	1024
4480	1024
40	1024
2559	1024
2912	1024
7229	1024
3909	1024
5509	1024
7072	1024
8458	1024
7213	1024
7489	1024
2064	1024
8000	1024
9281	1024
8256	1024
9362	1024
8644	1024
2657	1024
3512	1024
4019	1024
5705	1024
7973	1024
8107	1024
5056	1024
2778	1024
5688	1024
1629	1024
529	1024
798	1024
272	1024
4919	1024
1630	1024
312	1024
3830	1024
4541	1024
3892	1024
7738	1024
50	1024
963	1024
2548	1024
7262	1024
4804	1024
4611	1024
5262	1024
436	1024
2867	1024
975	1024
9080	1024
1875	1024
4487	1024
9450	1024
3931	1024
2459	1024
3909	1024
8986	1024
1588	1024
9596	1024
615	1024
8468	1024
393	1024
886	1024
3387	1024
8374	1024
7549	1024
3568	1024
2915	1024
1441	1024
1305	1024
2964	1024
8755	1024
204	1024
6577	1024
3558	1024
4815	1024
1838	1024
346	1024
4033	1024
9165	1024
5777	1024
2259	1024
3651	1024
5226	1024
6190	1024
2461	1024
5486	1024
5175	1024
400	1024
5081	1024
2141	1024
8867	1024
1826	1024
3027	1024
8605	1024
199	1024
575	1024
2172	1024
3113	1024
8367	1024
9829	1024
2428	1024
7122	1024
32	1024
9005	1024
7031	1024
1198	1024
7194	1024
7376	1024
1582	1024
6358	1024
3152	1024
3841	1024
6360	1024
4730	1024
30	1024
5172	1024
215	1024
1556	1024
5571	1024
1648	1024
3697	1024
790	1024
3473	1024
3075	1024
9394	1024
3671	1024
1	1024
7918	1024
3136	1024
8368	1024
4098	1024
5563	1024
1841	1024
4129	1024
919	1024
5223	1024
1679	1024
8113	1024
2599	1024
3260	1024
822	1024
2102	1024
7100	1024
7182	1024
6831	1024
3481	1024
8705	1024
3398	1024
1389	1024
4276	1024
5045	1024
1437	1024
1417	1024
8517	1024
4511	1024
810	1024
8539	1024
863	1024
5079	1024
8026	1024
9230	1024
9176	1024
9941	1024
7422	1024
9657	1024
859	1024
2645	1024
1335	1024
8971	1024
1595	1024
946	1024
6145	1024
3696	1024
8046	1024
3326	1024
6879	1024
7878	1024
8382	1024
276	1024
9266	1024
9009	1024
5320	1024
702	1024
425	1024
188	1024
1564	1024
7587	1024
5078	1024
2427	1024
2665	1024
3104	1024
8008	1024
8193	1024
3044	1024
1782	1024
7849	1024
254	1024
4426	1024
9183	1024
9225	1024
6020	1024
128	1024
5369	1024
6067	1024
4525	1024
5046	1024
2945	1024
8755	1024
3427	1024
3220	1024
4372	1024
8788	1024
4891	1024
1426	1024
9212	1024
1430	1024
2989	1024
6798	1024
6508	1024
1767	1024
9463	1024
5963	1024
6127	1024
4007	1024
5358	1024
7908	1024
1855	1024
5611	1024
8685	1024
7389	1024
1187	1024
4704	1024
3868	1024
2907	1024
770	1024
8393	1024
7952	1024
67	1024
3499	1024
7731	1024
3286	1024
7870	1024
6518	1024
4529	1024
5647	1024
2081	1024
5958	1024
4988	1024
8879	1024
8817	1024
6754	1024
4693	1024
1131	1024
9232	1024
8699	1024
6488	1024
7139	1024
553	1024
8451	1024
5823	1024
4293	1024
9637	1024
6878	1024
8160	1024
2544	1024
4000	1024
6552	1024
6847	1024
4066	1024
6402	1024
929	1024
3703	1024
624	1024
3798	1024
8231	1024
6270	1024
5879	1024
541	1024
1257	1024
1109	1024
5709	1024
8011	1024
5801	1024
6840	1024
7242	1024
851	1024
9679	1024
733	1024
7755	1024
4481	1024
2907	1024
2047	1024
4118	1024
9785	1024
206	1024
3013	1024
136	1024
3110	1024
6211	1024
4201	1024
9511	1024
7140	1024
4255	1024
134	1024
7289	1024
8838	1024
6404	1024
3167	1024
9378	1024
7660	1024
627	1024
1438	1024
2022	1024
6427	1024
4629	1024
5616	1024
3629	1024
4308	1024
2700	1024
1383	1024
8788	1024
5606	1024
9781	1024
9257	1024
1742	1024
9987	1024
2269	1024
1877	1024
3096	1024
4832	1024
2429	1024
8958	1024
1971	1024
6684	1024
9092	1024
9259	1024
5521	1024
1847	1024
8778	1024
1250	1024
5858	1024
9404	1024
2687	1024
4232	1024
2183	1024
7316	1024
6199	1024
5811	1024
7975	1024
8898	1024
3546	1024
3114	1024
855	1024
3326	1024
8723	1024
2597	1024
9664	1024
7343	1024
4473	1024
9111	1024
2174	1024
3254	1024
8069	1024
4144	1024
9937	1024
3512	1024
9755	1024
1809	1024
1710	1024
4884	1024
3058	1024
7567	1024
639	1024
2096	1024
8150	1024
2821	1024
5763	1024
4348	1024
4984	1024
89	1024
9597	1024
4881	1024
3203	1024
452	1024
8206	1024
8277	1024
9400	1024
4222	1024
5619	1024
224	1024
3332	1024
7793	1024
3477	1024
1400	1024
8288	1024
3413	1024
4911	1024
4394	1024
1573	1024
2972	1024
9277	1024
4630	1024
539	1024
9916	1024
3078	1024
5040	1024
9088	1024
8840	1024
5740	1024
423	1024
5281	1024
5336	1024
5303	1024
8483	1024
2139	1024
9861	1024
6759	1024
1538	1024
4082	1024
8729	1024
1762	1024
7413	1024
6521	1024
5238	1024
8813	1024
1161	1024
5003	1024
75	1024
5554	1024
6575	1024
3047	1024
1183	1024
7557	1024
9937	1024
1098	1024
634	1024
4976	1024
6537	1024
5825	1024
715	1024
6960	1024
1105	1024
2403	1024
2262	1024
5939	1024
4541	1024
2122	1024
9049	1024
6079	1024
2555	1024
7778	1024
4192	1024
9968	1024
650	1024
9429	1024
5132	1024
1810	1024
4431	1024
5206	1024
7364	1024
7358	1024
4604	1024
8546	1024
4914	1024
4540	1024
5995	1024
5547	1024
5868	1024
2531	1024
1371	1024
2934	1024
5842	1024
8828	1024
5336	1024
8104	1024
4766	1024
6229	1024
6577	1024
167	1024
8659	1024
9132	1024
7944	1024
2850	1024
5451	1024
4945	1024
2278	1024
582	1024
6755	1024
3061	1024
5787	1024
470	1024
418	1024
6743	1024
9015	1024
1683	1024
7634	1024
1361	1024
7229	1024
3501	1024
243	1024
4951	1024
2787	1024
6085	1024
130	1024
4474	1024
540	1024
1248	1024
702	1024
7116	1024
1414	1024
9360	1024
2599	1024
5709	1024
2209	1024
8049	1024
653	1024
839	1024
8630	1024
3759	1024
251	1024
769	1024
4228	1024
7020	1024
7511	1024
9594	1024
8702	1024
5144	1024
954	1024
2282	1024
4997	1024
1197	1024
7232	1024
4135	1024
3633	1024
3714	1024
8608	1024
4172	1024
4961	1024
9310	1024
7639	1024
6374	1024
8669	1024
6590	1024
8434	1024
7230	1024
4638	1024
9086	1024
8068	1024
9620	1024
2845	1024
8318	1024
6740	1024
3424	1024
1689	1024
4250	1024
3018	1024
390	1024
5745	1024
3971	1024
2671	1024
7093	1024
1519	1024
6254	1024
1227	1024
5151	1024
9967	1024
9835	1024
5674	1024
4927	1024
5496	1024
3313	1024
7652	1024
4164	1024
9902	1024
6085	1024
1393	1024
891	1024
1523	1024
5812	1024
510	1024
4367	1024
481	1024
7249	1024
4142	1024
2169	1024
7850	1024
7159	1024
8910	1024
9947	1024
7482	1024
1580	1024
3391	1024
5352	1024
4186	1024
970	1024
503	1024
4152	1024
804	1024
6176	1024
5431	1024
6299	1024
5840	1024
3082	1024
6814	1024
5741	1024
5519	1024
4559	1024
6632	1024
7041	1024
6722	1024
3493	1024
7759	1024
3555	1024
7094	1024
1900	1024
5723	1024
1295	1024
5411	1024
985	1024
7593	1024
2892	1024
2564	1024
984	1024
8243	1024
3101	1024
1953	1024
5097	1024
7253	1024
9108	1024
7625	1024
9035	1024
1758	1024
3464	1024
8468	1024
4923	1024
5557	1024
3986	1024
5833	1024
8540	1024
7378	1024
2555	1024
2032	1024
5136	1024
6109	1024
5477	1024
3388	1024
8183	1024
6772	1024
8798	1024
9167	1024
716	1024
8041	1024
8083	1024
1699	1024
2635	1024
1183	1024
3	1024
4084	1024
4787	1024
5462	1024
1708	1024
3821	1024
3571	1024
1523	1024
8641	1024
8494	1024
7079	1024
8978	1024
4326	1024
5618	1024
6356	1024
3232	1024
4002	1024
7843	1024
9340	1024
9478	1024
7582	1024
3875	1024
6249	1024
2731	1024
3041	1024
6965	1024
771	1024
1123	1024
5015	1024
3406	1024
8658	1024
1370	1024
7489	1024
3444	1024
3183	1024
5548	1024
3617	1024
6754	1024
7070	1024
2257	1024
1599	1024
501	1024
7586	1024
2276	1024
6118	1024
293	1024
5508	1024
119	1024
8136	1024
1199	1024
9597	1024
2069	1024
5073	1024
2197	1024
4800	1024
4466	1024
5513	1024
5570	1024
5588	1024
6880	1024
5327	1024
597	1024
4601	1024
9167	1024
4041	1024
7783	1024
1066	1024
7657	1024
888	1024
8136	1024
6265	1024
2486	1024
8636	1024
3850	1024
1114	1024
1105	1024
495	1024
2973	1024
7576	1024
8630	1024
4171	1024
3524	1024
7050	1024
5596	1024
2072	1024
1849	1024
6413	1024
7585	1024
3771	1024
8352	1024
816	1024
9097	1024
8949	1024
5416	1024
4616	1024
2989	1024
3198	1024
5681	1024
6997	1024
4086	1024
168	1024
9613	1024
2923	1024
5155	1024
3462	1024
4036	1024
2612	1024
3956	1024
7008	1024
187	1024
8937	1024
7531	1024
3710	1024
5987	1024
9478	1024
5781	1024
4187	1024
5890	1024
9717	1024
7957	1024
4241	1024
532	1024
3406	1024
3189	1024
2299	1024
8021	1024
2529	1024
1849	1024
53	1024
9525	1024
2286	1024
6573	1024
5489	1024
5208	1024
1727	1024
5303	1024
5596	1024
690	1024
9258	1024
8955	1024
876	1024
4547	1024
2837	1024
937	1024
6885	1024
2314	1024
3070	1024
1071	1024
4555	1024
2786	1024
5380	1024
8796	1024
9670	1024
8785	1024
8336	1024
8320	1024
6805	1024
7217	1024
168	1024
3209	1024
3093	1024
2453	1024
9781	1024
8582	1024
4013	1024
7860	1024
3884	1024
9608	1024
8549	1024
9493	1024
8562	1024
5777	1024
391	1024
1399	1024
3065	1024
3627	1024
64	1024
6134	1024
4698	1024
4619	1024
5272	1024
6429	1024
9766	1024
1293	1024
5213	1024
4453	1024
9612	1024
8369	1024
8021	1024
9780	1024
1577	1024
1114	1024
2232	1024
7710	1024
6047	1024
2596	1024
1921	1024
9930	1024
2203	1024
6821	1024
5774	1024
7117	1024
2597	1024
6165	1024
4867	1024
2014	1024
9791	1024
1282	1024
8147	1024
840	1024
5900	1024
9770	1024
7268	1024
2017	1024
1062	1024
8832	1024
2822	1024
674	1024
7200	1024
842	1024
453	1024
5129	1024
1955	1024
9036	1024
9190	1024
4353	1024
1632	1024
1110	1024
4282	1024
186	1024
7930	1024
6408	1024
3654	1024
6879	1024
8924	1024
8520	1024
8892	1024
8714	1024
9802	1024
7038	1024
5906	1024
2053	1024
3160	1024
9525	1024
422	1024
4221	1024
8357	1024
3243	1024
4894	1024
1908	1024
4084	1024
1698	1024
3388	1024
2391	1024
734	1024
2577	1024
6743	1024
8717	1024
3686	1024
7377	1024
5254	1024
1616	1024
3784	1024
8908	1024
8494	1024
2707	1024
3779	1024
3737	1024
7772	1024
9932	1024
7126	1024
29	1024
1985	1024
285	1024
9554	1024
8758	1024
4506	1024
4262	1024
2000	1024
9399	1024
2521	1024
6083	1024
7449	1024
5909	1024
8473	1024
4534	1024
8485	1024
1568	1024
3250	1024
2171	1024
8944	1024
4855	1024
138	1024
9079	1024
3762	1024
4983	1024
8137	1024
7541	1024
8719	1024
2260	1024
3824	1024
5844	1024
2289	1024
2160	1024
2481	1024
1842	1024
917	1024
6986	1024
2455	1024
2916	1024
2736	1024
4975	1024
8999	1024
184	1024
883	1024
3823	1024
4717	1024
5720	1024
1742	1024
4318	1024
7890	1024
685	1024
9173	1024
4379	1024
6115	1024
9286	1024
9361	1024
603	1024
6826	1024
4431	1024
2863	1024
7002	1024
274	1024
5151	1024
9161	1024
9106	1024
3344	1024
78	1024
6091	1024
5798	1024
2993	1024
5179	1024
7124	1024
8343	1024
5362	1024
4359	1024
8518	1024
6431	1024
78	1024
259	1024
7100	1024
7967	1024
7296	1024
6272	1024
8697	1024
3410	1024
5558	1024
8057	1024
4013	1024
8735	1024
2487	1024
6875	1024
5736	1024
9112	1024
8377	1024
1249	1024
8218	1024
1720	1024
1326	1024
660	1024
7517	1024
4318	1024
5838	1024
4640	1024
9013	1024
7552	1024
5350	1024
7530	1024
334	1024
5427	1024
7788	1024
7433	1024
9745	1024
5083	1024
3705	1024
8441	1024
4845	1024
5614	1024
6497	1024
8857	1024
700	1024
5335	1024
2083	1024
2788	1024
4447	1024
459	1024
4036	1024
9016	1024
2178	1024
5361	1024
9675	1024
6046	1024
6030	1024
1865	1024
7037	1024
5042	1024
5768	1024
2387	1024
2571	1024
6101	1024
7813	1024
359	1024
3533	1024
7558	1024
5441	1024
3589	1024
5998	1024
285	1024
5554	1024
8847	1024
5493	1024
6254	1024
4181	1024
3927	1024
5393	1024
4979	1024
4385	1024
9428	1024
3994	1024
2914	1024
4788	1024
21	1024
5311	1024
7169	1024
8237	1024
2348	1024
2211	1024
4004	1024
1086	1024
4781	1024
6456	1024
8898	1024
1491	1024
6340	1024
2807	1024
6932	1024
6281	1024
5157	1024
3568	1024
1834	1024
4003	1024
5413	1024
4439	1024
4535	1024
9339	1024
9831	1024
9514	1024
76	1024
5610	1024
3507	1024
9341	1024
397	1024
9879	1024
4652	1024
3918	1024
8115	1024
3351	1024
6128	1024
8470	1024
4436	1024
7260	1024
4925	1024
9685	1024
8751	1024
1265	1024
8844	1024
2034	1024
7545	1024
4000	1024
5601	1024
5730	1024
4354	1024
7365	1024
169	1024
8888	1024
3056	1024
6351	1024
8401	1024
9483	1024
1961	1024
8260	1024
8823	1024
8709	1024
8138	1024
9826	1024
2626	1024
2605	1024
3176	1024
8753	1024
1074	1024
3963	1024
6013	1024
2351	1024
10000	1024
4763	1024
9967	1024
8843	1024
3148	1024
7511	1024
2842	1024
5100	1024
9592	1024
7195	1024
2465	1024
9760	1024
2434	1024
1872	1024
6111	1024
835	1024
1354	1024
4423	1024
5446	1024
176	1024
3131	1024
3583	1024
6354	1024
5757	1024
2539	1024
5881	1024
861	1024
9965	1024
9844	1024
3225	1024
2315	1024
9843	1024
4339	1024
2281	1024
5037	1024
7486	1024
6143	1024
7878	1024
2586	1024
5734	1024
1424	1024
1402	1024
1846	1024
3857	1024
3273	1024
4308	1024
1043	1024
4626	1024
8730	1024
6488	1024
1153	1024
1860	1024
6423	1024
7506	1024
3968	1024
8961	1024
3387	1024
4829	1024
5277	1024
9582	1024
8053	1024
7591	1024
5776	1024
8744	1024
6223	1024
812	1024
6229	1024
8717	1024
5041	1024
8814	1024
4451	1024
6464	1024
215	1024
2648	1024
6672	1024
3487	1024
6955	1024
4067	1024
8112	1024
2036	1024
554	1024
5617	1024
247	1024
3328	1024
3122	1024
4215	1024
8641	1024
2860	1024
5395	1024
3917	1024
2441	1024
9799	1024
1508	1024
8216	1024
8542	1024
4082	1024
9027	1024
4771	1024
2799	1024
419	1024
9936	1024
3601	1024
3234	1024
6503	1024
6248	1024
6258	1024
9989	1024
9554	1024
324	1024
4453	1024
1589	1024
7229	1024
69	1024
8187	1024
557	1024
9542	1024
8753	1024
9197	1024
2402	1024
4147	1024
3113	1024
4842	1024
298	1024
972	1024
9410	1024
5191	1024
5054	1024
4788	1024
6313	1024
4204	1024
5207	1024
6249	1024
4156	1024
8440	1024
9103	1024
403	1024
4697	1024
9091	1024
6308	1024
1372	1024
9895	1024
4248	1024
8601	1024
6315	1024
2434	1024
9157	1024
5857	1024
1187	1024
8353	1024
8258	1024
1685	1024
7817	1024
9451	1024
8334	1024
8789	1024
8860	1024
3525	1024
194	1024
3648	1024
9837	1024
749	1024
5206	1024
2437	1024
4904	1024
9997	1024
1539	1024
1658	1024
4694	1024
6982	1024
7965	1024
2417	1024
3228	1024
2212	1024
1017	1024
9543	1024
997	1024
173	1024
5399	1024
2183	1024
4877	1024
3656	1024
220	1024
2694	1024
9458	1024
8553	1024
7834	1024
8318	1024
2077	1024
8027	1024
8317	1024
8266	1024
8775	1024
9874	1024
7054	1024
30	1024
9870	1024
4945	1024
1687	1024
915	1024
8278	1024
9651	1024
3332	1024
1505	1024
8214	1024
4348	1024
1047	1024
5562	1024
873	1024
6445	1024
4097	1024
5749	1024
6452	1024
4316	1024
4794	1024
2262	1024
2868	1024
2627	1024
579	1024
1297	1024
7005	1024
5247	1024
5914	1024
2131	1024
1472	1024
2967	1024
2160	1024
1341	1024
4263	1024
3846	1024
8608	1024
2540	1024
9848	1024
1939	1024
4045	1024
4413	1024
2638	1024
5091	1024
9975	1024
3510	1024
7888	1024
4071	1024
5611	1024
691	1024
4738	1024
404	1024
2952	1024
3957	1024
3031	1024
9882	1024
5253	1024
35	1024
1480	1024
7518	1024
2166	1024
2951	1024
6837	1024
4325	1024
4292	1024
1099	1024
4523	1024
2899	1024
3639	1024
722	1024
1189	1024
4035	1024
5135	1024
3826	1024
5477	1024
1461	1024
3688	1024
3364	1024
1883	1024
9298	1024
407	1024
6620	1024
9701	1024
3358	1024
576	1024
9083	1024
9592	1024
2181	1024
9118	1024
1071	1024
9698	1024
7635	1024
4022	1024
6534	1024
8311	1024
4665	1024
7633	1024
2833	1024
7563	1024
7623	1024
9907	1024
5103	1024
1657	1024
1393	1024
5280	1024
7133	1024
2853	1024
8967	1024
6849	1024
4735	1024
4616	1024
7255	1024
7706	1024
669	1024
612	1024
8281	1024
9751	1024
203	1024
461	1024
5220	1024
7626	1024
6511	1024
2854	1024
1647	1024
3044	1024
7517	1024
6311	1024
7028	1024
349	1024
225	1024
4650	1024
6607	1024
5327	1024
6306	1024
7999	1024
6958	1024
9791	1024
851	1024
2277	1024
6639	1024
1937	1024
6892	1024
3893	1024
9642	1024
3912	1024
856	1024
4275	1024
3663	1024
7411	1024
1087	1024
5234	1024
5036	1024
7597	1024
8088	1024
6682	1024
6993	1024
5604	1024
9344	1024
4020	1024
2304	1024
9568	1024
8670	1024
5263	1024
1246	1024
1327	1024
3261	1024
8203	1024
7469	1024
464	1024
6831	1024
4107	1024
2400	1024
75	1024
4351	1024
8394	1024
3986	1024
5207	1024
9020	1024
4000	1024
8969	1024
106	1024
9234	1024
4004	1024
4055	1024
3673	1024
7037	1024
1047	1024
5628	1024
6380	1024
1418	1024
7931	1024
2299	1024
6439	1024
9545	1024
9896	1024
4118	1024
2806	1024
4450	1024
1586	1024
3269	1024
1281	1024
5693	1024
2020	1024
1355	1024
6395	1024
413	1024
1692	1024
1601	1024
5784	1024
5692	1024
6921	1024
2242	1024
4925	1024
7276	1024
6296	1024
8597	1024
4312	1024
3694	1024
4224	1024
7043	1024
1463	1024
8506	1024
9341	1024
7902	1024
8051	1024
5588	1024
2019	1024
7208	1024
38	1024
3604	1024
476	1024
1318	1024
5648	1024
8847	1024
9024	1024
2043	1024
5612	1024
715	1024
9995	1024
1395	1024
6406	1024
3268	1024
3636	1024
7682	1024
543	1024
6283	1024
2630	1024
4855	1024
9976	1024
3205	1024
8249	1024
1439	1024
8063	1024
3942	1024
5692	1024
2465	1024
9529	1024
4062	1024
9672	1024
9566	1024
7665	1024
6499	1024
7235	1024
9665	1024
5345	1024
6258	1024
8059	1024
956	1024
6973	1024
4405	1024
2351	1024
9730	1024
7672	1024
2338	1024
7412	1024
8215	1024
8621	1024
6393	1024
9421	1024
4948	1024
9598	1024
4021	1024
6386	1024
4012	1024
7962	1024
8429	1024
6476	1024
7491	1024
2490	1024
6147	1024
3408	1024
6507	1024
8997	1024
643	1024
2523	1024
4341	1024
6900	1024
581	1024
1649	1024
224	1024
1337	1024
3999	1024
6306	1024
9009	1024
2688	1024
69	1024
3575	1024
1308	1024
6461	1024
9347	1024
6256	1024
2410	1024
3367	1024
8993	1024
6421	1024
1329	1024
7422	1024
2896	1024
5171	1024
6263	1024
5394	1024
8578	1024
2769	1024
4390	1024
5572	1024
1643	1024
8731	1024
8824	1024
8575	1024
379	1024
9047	1024
9912	1024
729	1024
1704	1024
8920	1024
3416	1024
1772	1024
8846	1024
1076	1024
4585	1024
8192	1024
7331	1024
6994	1024
1558	1024
2675	1024
3415	1024
9238	1024
6448	1024
2662	1024
4408	1024
2711	1024
8056	1024
9338	1024
1831	1024
2445	1024
4909	1024
3474	1024
7527	1024
3732	1024
2048	1024
4257	1024
9131	1024
8311	1024
4985	1024
7186	1024
3582	1024
4753	1024
8958	1024
2427	1024
5828	1024
3542	1024
6970	1024
9510	1024
535	1024
4880	1024
8536	1024
301	1024
4117	1024
4984	1024
2963	1024
4877	1024
7694	1024
7370	1024
566	1024
5876	1024
6166	1024
1826	1024
5701	1024
3693	1024
5558	1024
4101	1024
7949	1024
1040	1024
2411	1024
9286	1024
8225	1024
5993	1024
390	1024
3534	1024
4771	1024
2569	1024
7075	1024
1741	1024
2078	1024
3962	1024
2972	1024
613	1024
614	1024
7088	1024
1948	1024
9928	1024
8316	1024
5993	1024
7297	1024
8881	1024
1869	1024
3463	1024
707	1024
3921	1024
3507	1024
2616	1024
8021	1024
1455	1024
7	1024
6784	1024
7092	1024
4583	1024
2776	1024
7481	1024
4469	1024
3898	1024
6401	1024
7895	1024
5638	1024
4830	1024
8208	1024
8609	1024
5443	1024
8822	1024
2049	1024
3742	1024
8749	1024
6716	1024
9735	1024
2398	1024
1949	1024
7955	1024
2212	1024
9007	1024
1875	1024
5718	1024
7974	1024
6248	1024
3524	1024
7980	1024
3031	1024
616	1024
8914	1024
2158	1024
4448	1024
3382	1024
6055	1024
849	1024
1277	1024
8045	1024
5678	1024
9484	1024
3005	1024
7472	1024
4657	1024
1405	1024
7566	1024
9758	1024
8121	1024
7300	1024
2155	1024
6421	1024
5254	1024
4366	1024
5427	1024
3480	1024
6435	1024
3400	1024
9727	1024
9958	1024
7731	1024
9109	1024
6925	1024
6644	1024
7618	1024
7725	1024
6378	1024
3673	1024
4925	1024
4006	1024
8069	1024
602	1024
3489	1024
7425	1024
4426	1024
4498	1024
8830	1024
1991	1024
4255	1024
3302	1024
5642	1024
2761	1024
9722	1024
895	1024
7126	1024
5148	1024
726	1024
3560	1024
4899	1024
453	1024
9869	1024
2629	1024
5913	1024
6794	1024
9272	1024
3531	1024
870	1024
2001	1024
3555	1024
5794	1024
6006	1024
1623	1024
2747	1024
5847	1024
5399	1024
7172	1024
344	1024
4228	1024
5514	1024
4598	1024
3881	1024
1155	1024
7358	1024
3602	1024
8401	1024
835	1024
5101	1024
5479	1024
746	1024
9999	1024
5931	1024
6966	1024
8979	1024
8195	1024
111	1024
4603	1024
1725	1024
980	1024
6603	1024
5279	1024
6773	1024
2609	1024
3253	1024
9520	1024
8455	1024
8652	1024
3043	1024
5150	1024
9231	1024
4909	1024
9747	1024
3112	1024
2415	1024
3456	1024
3065	1024
7168	1024
642	1024
4518	1024
2646	1024
7739	1024
868	1024
4928	1024
4704	1024
9847	1024
3122	1024
4815	1024
4449	1024
4847	1024
5794	1024
7403	1024
6477	1024
8919	1024
11	1024
9730	1024
4790	1024
4817	1024
4733	1024
4184	1024
9966	1024
3963	1024
5444	1024
6064	1024
3426	1024
4211	1024
9519	1024
2843	1024
1378	1024
6512	1024
3712	1024
375	1024
4250	1024
931	1024
5302	1024
5306	1024
7129	1024
4775	1024
120	1024
1577	1024
9621	1024
2265	1024
8980	1024
2450	1024
7535	1024
5342	1024
2179	1024
8676	1024
159	1024
6911	1024
2860	1024
124	1024
7225	1024
4655	1024
6188	1024
7003	1024
8865	1024
2058	1024
6197	1024
242	1024
4922	1024
9908	1024
6968	1024
9171	1024
7190	1024
8621	1024
828	1024
4319	1024
3396	1024
947	1024
5895	1024
9368	1024
9564	1024
1226	1024
1817	1024
7098	1024
2920	1024
3995	1024
5774	1024
3078	1024
7257	1024
4985	1024
9553	1024
834	1024
9639	1024
2092	1024
4188	1024
8504	1024
502	1024
384	1024
5097	1024
5423	1024
6643	1024
8417	1024
945	1024
3832	1024
7037	1024
1773	1024
8150	1024
432	1024
9071	1024
397	1024
9800	1024
8634	1024
7974	1024
1616	1024
2084	1024
893	1024
1963	1024
4209	1024
322	1024
5571	1024
9193	1024
6227	1024
2756	1024
5183	1024
4670	1024
6943	1024
38	1024
5171	1024
3678	1024
1487	1024
6945	1024
320	1024
9903	1024
4242	1024
4152	1024
6939	1024
2366	1024
8653	1024
7371	1024
7788	1024
9049	1024
3522	1024
6422	1024
7023	1024
5137	1024
4857	1024
4267	1024
3451	1024
9065	1024
941	1024
9022	1024
4609	1024
7167	1024
8129	1024
9791	1024
1836	1024
5072	1024
6181	1024
3359	1024
8749	1024
7667	1024
6655	1024
9069	1024
7569	1024
896	1024
9572	1024
4507	1024
9613	1024
8224	1024
8229	1024
7401	1024
3625	1024
1750	1024
174	1024
6999	1024
3239	1024
5030	1024
1265	1024
6689	1024
446	1024
8557	1024
2062	1024
5054	1024
5723	1024
191	1024
1196	1024
3911	1024
1614	1024
7376	1024
3621	1024
6714	1024
5042	1024
275	1024
2134	1024
8962	1024
7523	1024
1705	1024
3469	1024
7135	1024
6281	1024
8049	1024
4535	1024
9905	1024
9799	1024
4708	1024
3255	1024
9389	1024
6089	1024
4519	1024
2429	1024
6534	1024
3076	1024
843	1024
7939	1024
5150	1024
7385	1024
5487	1024
5412	1024
8998	1024
2862	1024
9032	1024
5711	1024
4256	1024
5659	1024
7845	1024
3217	1024
3181	1024
5901	1024
3037	1024
315	1024
8533	1024
1086	1024
1202	1024
4789	1024
7236	1024
5909	1024
8043	1024
2976	1024
1998	1024
2562	1024
5404	1024
4883	1024
1989	1024
6246	1024
2822	1024
3490	1024
9982	1024
8308	1024
8902	1024
8979	1024
7521	1024
4285	1024
1042	1024
8128	1024
9943	1024
5238	1024
1345	1024
9475	1024
7490	1024
733	1024
9790	1024
6023	1024
8170	1024
7343	1024
811	1024
1757	1024
3251	1024
8854	1024
4732	1024
1600	1024
7767	1024
6488	1024
2835	1024
6107	1024
9085	1024
5656	1024
9596	1024
9067	1024
315	1024
4849	1024
4397	1024
7835	1024
9134	1024
1790	1024
5963	1024
5428	1024
7027	1024
3659	1024
4903	1024
4517	1024
743	1024
1044	1024
6891	1024
8913	1024
8386	1024
7701	1024
7021	1024
7988	1024
2906	1024
1753	1024
5940	1024
672	1024
4592	1024
8774	1024
6778	1024
3676	1024
4429	1024
2726	1024
9094	1024
1095	1024
7574	1024
9843	1024
8929	1024
3059	1024
1632	1024
1243	1024
4839	1024
5011	1024
1253	1024
9741	1024
5879	1024
1996	1024
784	1024
2769	1024
7260	1024
5521	1024
469	1024
4280	1024
3508	1024
9727	1024
2384	1024
5799	1024
398	1024
3327	1024
4572	1024
3528	1024
3355	1024
5352	1024
2605	1024
2448	1024
6446	1024
6530	1024
2290	1024
1727	1024
9589	1024
3922	1024
9321	1024
4427	1024
8932	1024
574	1024
519	1024
1162	1024
8921	1024
7654	1024
3930	1024
6180	1024
3174	1024
750	1024
6811	1024
3033	1024
476	1024
5547	1024
8832	1024
7226	1024
8873	1024
9755	1024
753	1024
2227	1024
5107	1024
3357	1024
1027	1024
7904	1024
9886	1024
9668	1024
9630	1024
5826	1024
9941	1024
8951	1024
6604	1024
8872	1024
5876	1024
7122	1024
33	1024
4796	1024
1127	1024
314	1024
7327	1024
652	1024
1064	1024
4137	1024
3685	1024
7891	1024
6035	1024
8868	1024
5116	1024
1260	1024
8622	1024
5868	1024
9838	1024
80	1024
5576	1024
864	1024
7984	1024
5462	1024
532	1024
3965	1024
1287	1024
472	1024
9267	1024
4243	1024
5696	1024
5142	1024
7716	1024
2080	1024
9937	1024
8843	1024
8746	1024
7263	1024
9494	1024
9809	1024
7752	1024
9530	1024
7699	1024
3786	1024
4749	1024
2815	1024
5045	1024
9723	1024
5034	1024
1235	1024
9802	1024
610	1024
2098	1024
4137	1024
6071	1024
8981	1024
8102	1024
3709	1024
5805	1024
7368	1024
4303	1024
7852	1024
8862	1024
2019	1024
6283	1024
8798	1024
7213	1024
5028	1024
2413	1024
6706	1024
1188	1024
164	1024
2588	1024
8887	1024
301	1024
7336	1024
8053	1024
1698	1024
7058	1024
9438	1024
2932	1024
3212	1024
47	1024
1381	1024
7348	1024
2469	1024
362	1024
1801	1024
2530	1024
2518	1024
9169	1024
6832	1024
369	1024
8030	1024
8850	1024
6651	1024
3179	1024
6062	1024
8031	1024
1943	1024
9120	1024
9218	1024
8458	1024
8059	1024
4456	1024
8759	1024
5394	1024
8860	1024
6808	1024
8804	1024
8298	1024
6091	1024
8367	1024
8344	1024
7471	1024
5714	1024
813	1024
4184	1024
7515	1024
3342	1024
6701	1024
3035	1024
6525	1024
3421	1024
7416	1024
5375	1024
6424	1024
6946	1024
7788	1024
4454	1024
8889	1024
3259	1024
3671	1024
7346	1024
1317	1024
8127	1024
2456	1024
3063	1024
6986	1024
9263	1024
1866	1024
5283	1024
5353	1024
6584	1024
9979	1024
9176	1024
2297	1024
7143	1024
3359	1024
6163	1024
6836	1024
6412	1024
5549	1024
3360	1024
6184	1024
9316	1024
5086	1024
2607	1024
2614	1024
2874	1024
7060	1024
1502	1024
2484	1024
731	1024
5199	1024
3801	1024
5209	1024
7655	1024
6863	1024
8546	1024
3269	1024
5080	1024
3829	1024
4974	1024
1663	1024
159	1024
501	1024
311	1024
7301	1024
211	1024
2826	1024
4136	1024
6622	1024
4726	1024
7495	1024
2806	1024
4042	1024
8933	1024
1764	1024
6655	1024
8158	1024
8824	1024
4508	1024
641	1024
5906	1024
6058	1024
4441	1024
1114	1024
64	1024
7655	1024
9659	1024
3333	1024
2734	1024
9839	1024
4658	1024
748	1024
6349	1024
1510	1024
7411	1024
3649	1024
1720	1024
236	1024
7784	1024
4694	1024
4961	1024
1631	1024
3851	1024
5354	1024
6915	1024
5614	1024
8360	1024
5072	1024
4437	1024
9219	1024
5712	1024
6694	1024
5277	1024
6505	1024
7807	1024
5340	1024
511	1024
3818	1024
5024	1024
3245	1024
8	1024
6033	1024
344	1024
6357	1024
7542	1024
7754	1024
6357	1024
9262	1024
4341	1024
493	1024
3955	1024
5654	1024
8475	1024
4157	1024
7359	1024
5389	1024
9770	1024
5719	1024
6812	1024
559	1024
1289	1024
2523	1024
7252	1024
6565	1024
5379	1024
1411	1024
8257	1024
5890	1024
1580	1024
9632	1024
5486	1024
7939	1024
5665	1024
2181	1024
4295	1024
3206	1024
9935	1024
7004	1024
8819	1024
627	1024
7496	1024
9125	1024
6280	1024
5970	1024
3281	1024
3639	1024
7710	1024
9403	1024
5709	1024
4521	1024
9961	1024
6997	1024
3395	1024
7212	1024
9914	1024
5126	1024
4974	1024
8170	1024
1015	1024
6553	1024
7801	1024
2852	1024
4492	1024
9817	1024
5032	1024
5138	1024
9375	1024
1318	1024
2141	1024
8193	1024
1945	1024
5988	1024
3670	1024
4576	1024
8309	1024
3302	1024
4566	1024
6018	1024
2704	1024
6626	1024
6890	1024
2664	1024
9975	1024
285	1024
6228	1024
9888	1024
5410	1024
7553	1024
4409	1024
2776	1024
4106	1024
8561	1024
5627	1024
4949	1024
4730	1024
7010	1024
6438	1024
4104	1024
8328	1024
4931	1024
8648	1024
6624	1024
918	1024
2317	1024
7551	1024
9227	1024
5619	1024
8469	1024
1596	1024
4674	1024
5094	1024
4838	1024
3690	1024
5068	1024
5122	1024
9917	1024
1307	1024
6883	1024
3821	1024
2067	1024
6010	1024
4278	1024
6980	1024
7988	1024
9226	1024
1709	1024
4997	1024
5664	1024
5812	1024
9676	1024
594	1024
4459	1024
6299	1024
7863	1024
6776	1024
202	1024
3441	1024
8746	1024
8670	1024
1389	1024
3419	1024
3763	1024
6226	1024
7108	1024
5183	1024
7699	1024
3376	1024
6489	1024
4581	1024
7197	1024
4908	1024
6942	1024
1474	1024
1887	1024
4929	1024
7052	1024
3595	1024
9925	1024
9067	1024
9406	1024
5953	1024
9660	1024
3864	1024
2251	1024
3874	1024
6991	1024
8804	1024
7315	1024
5736	1024
7473	1024
8703	1024
5507	1024
7588	1024
4928	1024
2614	1024
2770	1024
2626	1024
5990	1024
5610	1024
3558	1024
9538	1024
517	1024
499	1024
1011	1024
2403	1024
1779	1024
4414	1024
2349	1024
8055	1024
3480	1024
1754	1024
4007	1024
9491	1024
1970	1024
2610	1024
3365	1024
8960	1024
1413	1024
679	1024
1048	1024
8886	1024
9381	1024
6554	1024
6473	1024
660	1024
5519	1024
5594	1024
9637	1024
7860	1024
1203	1024
3194	1024
7397	1024
8072	1024
44	1024
4760	1024
6826	1024
1822	1024
9173	1024
9175	1024
9876	1024
2653	1024
928	1024
3883	1024
2143	1024
2897	1024
6492	1024
5507	1024
8209	1024
4256	1024
2537	1024
5608	1024
3141	1024
8269	1024
8513	1024
5965	1024
8928	1024
4031	1024
1558	1024
8564	1024
1891	1024
9113	1024
8109	1024
9287	1024
7184	1024
8152	1024
398	1024
4009	1024
6325	1024
9571	1024
3183	1024
2553	1024
8575	1024
463	1024
2787	1024
7069	1024
9711	1024
9278	1024
8928	1024
4271	1024
9885	1024
1464	1024
9878	1024
3026	1024
9733	1024
8390	1024
5342	1024
5012	1024
8773	1024
3252	1024
9928	1024
663	1024
2364	1024
8036	1024
6301	1024
5899	1024
2540	1024
6699	1024
6259	1024
5216	1024
2621	1024
9442	1024
7768	1024
1195	1024
6256	1024
554	1024
8263	1024
5966	1024
6183	1024
3542	1024
237	1024
6068	1024
5006	1024
6466	1024
5445	1024
1090	1024
1208	1024
786	1024
2453	1024
9980	1024
389	1024
2380	1024
6994	1024
2752	1024
416	1024
3294	1024
5002	1024
9307	1024
6344	1024
1261	1024
4522	1024
8964	1024
702	1024
2290	1024
6510	1024
3309	1024
9195	1024
1125	1024
9274	1024
5378	1024
4666	1024
5862	1024
7797	1024
6023	1024
2328	1024
3241	1024
7112	1024
3535	1024
378	1024
9565	1024
3514	1024
767	1024
8296	1024
6859	1024
9870	1024
5063	1024
6504	1024
4872	1024
4369	1024
2848	1024
6132	1024
8891	1024
8163	1024
3185	1024
7532	1024
1025	1024
2845	1024
6726	1024
2149	1024
2118	1024
8455	1024
3166	1024
7980	1024
6251	1024
9189	1024
6659	1024
5843	1024
2652	1024
193	1024
2573	1024
8568	1024
58	1024
9691	1024
6864	1024
3268	1024
5912	1024
1926	1024
9771	1024
783	1024
6295	1024
2618	1024
3266	1024
1537	1024
7133	1024
2802	1024
5420	1024
8157	1024
5646	1024
2145	1024
6657	1024
4116	1024
6952	1024
9822	1024
8447	1024
9554	1024
5362	1024
5105	1024
5397	1024
8014	1024
1649	1024
4321	1024
2933	1024
8058	1024
363	1024
9796	1024
1325	1024
6274	1024
8074	1024
1095	1024
3409	1024
720	1024
65	1024
3026	1024
2256	1024
7197	1024
5828	1024
7675	1024
1705	1024
7825	1024
6171	1024
8361	1024
8292	1024
3122	1024
4534	1024
6738	1024
2676	1024
6248	1024
1842	1024
4424	1024
613	1024
9842	1024
5096	1024
3545	1024
7899	1024
5458	1024
9693	1024
9223	1024
1731	1024
7766	1024
318	1024
5139	1024
8485	1024
382	1024
8165	1024
7092	1024
3930	1024
344	1024
1118	1024
5634	1024
4520	1024
7288	1024
346	1024
2812	1024
6762	1024
1231	1024
9549	1024
5789	1024
7478	1024
7743	1024
6564	1024
4442	1024
7584	1024
1659	1024
7987	1024
5483	1024
7116	1024
7679	1024
1057	1024
5198	1024
1796	1024
1374	1024
6689	1024
280	1024
8107	1024
1205	1024
3723	1024
2036	1024
1548	1024
4840	1024
7669	1024
2419	1024
8479	1024
4366	1024
5230	1024
5240	1024
5597	1024
1131	1024
1028	1024
9426	1024
8873	1024
3943	1024
3868	1024
2808	1024
5601	1024
1854	1024
4642	1024
9068	1024
5884	1024
5699	1024
618	1024
7679	1024
3424	1024
7306	1024
4310	1024
1531	1024
8510	1024
8032	1024
3566	1024
6409	1024
9223	1024
7587	1024
8827	1024
7701	1024
1952	1024
4057	1024
9293	1024
7548	1024
1539	1024
6672	1024
6974	1024
6763	1024
615	1024
841	1024
9570	1024
6215	1024
9046	1024
4212	1024
1635	1024
4929	1024
6262	1024
2252	1024
8959	1024
9685	1024
9557	1024
9620	1024
1215	1024
8066	1024
7651	1024
4781	1024
4474	1024
3225	1024
2367	1024
9652	1024
925	1024
670	1024
60	1024
6569	1024
8218	1024
1598	1024
3241	1024
1543	1024
8360	1024
3855	1024
8735	1024
4282	1024
69	1024
7780	1024
4845	1024
1703	1024
9060	1024
1106	1024
3954	1024
8018	1024
790	1024
9862	1024
7637	1024
8357	1024
7927	1024
1639	1024
9489	1024
8752	1024
1215	1024
8207	1024
4756	1024
8491	1024
8876	1024
4815	1024
5060	1024
3445	1024
6413	1024
8300	1024
4987	1024
1124	1024
2154	1024
3721	1024
1757	1024
8574	1024
7852	1024
6601	1024
277	1024
6911	1024
7706	1024
582	1024
1280	1024
4848	1024
444	1024
8916	1024
9556	1024
4722	1024
6906	1024
9044	1024
9826	1024
8120	1024
3602	1024
4581	1024
6611	1024
2477	1024
9395	1024
1670	1024
5922	1024
2159	1024
9969	1024
7260	1024
9635	1024
8474	1024
981	1024
1391	1024
7047	1024
8832	1024
7992	1024
7323	1024
2095	1024
2049	1024
4257	1024
3374	1024
3248	1024
4700	1024
2290	1024
9155	1024
5773	1024
5547	1024
4550	1024
5598	1024
3667	1024
8151	1024
178	1024
6629	1024
628	1024
5925	1024
8298	1024
2901	1024
4435	1024
4618	1024
160	1024
421	1024
3091	1024
7492	1024
1812	1024
137	1024
2676	1024
6155	1024
3812	1024
4770	1024
4555	1024
8068	1024
4495	1024
4155	1024
9119	1024
3136	1024
3309	1024
1243	1024
8683	1024
7859	1024
6841	1024
8701	1024
2361	1024
3370	1024
5329	1024
9340	1024
5646	1024
9978	1024
2240	1024
6433	1024
947	1024
8752	1024
6853	1024
389	1024
2595	1024
5016	1024
6877	1024
1622	1024
7522	1024
688	1024
2743	1024
2077	1024
5107	1024
7238	1024
2583	1024
577	1024
373	1024
2243	1024
1820	1024
5407	1024
6453	1024
5012	1024
4107	1024
8814	1024
8381	1024
5787	1024
8153	1024
379	1024
2116	1024
6745	1024
6811	1024
3062	1024
5496	1024
3663	1024
3450	1024
4442	1024
8679	1024
327	1024
6064	1024
6200	1024
7366	1024
5158	1024
4628	1024
8825	1024
2395	1024
3562	1024
5753	1024
9120	1024
5805	1024
7572	1024
878	1024
2257	1024
8935	1024
4985	1024
7422	1024
7316	1024
7123	1024
5575	1024
7694	1024
9239	1024
2319	1024
856	1024
8652	1024
4166	1024
4518	1024
8454	1024
4959	1024
9548	1024
5132	1024
7374	1024
2100	1024
2497	1024
2532	1024
3079	1024
7673	1024
1278	1024
6641	1024
3426	1024
6749	1024
8797	1024
7349	1024
7627	1024
7405	1024
6284	1024
8963	1024
4827	1024
9951	1024
6085	1024
6753	1024
3996	1024
1675	1024
5423	1024
4851	1024
327	1024
5940	1024
9368	1024
5132	1024
898	1024
5268	1024
263	1024
8272	1024
7367	1024
9111	1024
7155	1024
6797	1024
6784	1024
4784	1024
9789	1024
6561	1024
1533	1024
8585	1024
3909	1024
9159	1024
5990	1024
192	1024
4473	1024
7168	1024
142	1024
557	1024
3920	1024
489	1024
8584	1024
9342	1024
5339	1024
5262	1024
5281	1024
1059	1024
393	1024
2530	1024
6326	1024
655	1024
7153	1024
44	1024
9765	1024
4307	1024
3192	1024
2900	1024
9091	1024
2981	1024
9460	1024
623	1024
1565	1024
3369	1024
6133	1024
3906	1024
9912	1024
605	1024
7425	1024
6406	1024
7513	1024
1344	1024
6894	1024
6096	1024
7037	1024
2233	1024
7709	1024
8669	1024
9643	1024
8101	1024
1199	1024
5968	1024
8755	1024
8351	1024
2363	1024
4872	1024
9010	1024
1906	1024
7771	1024
8100	1024
4886	1024
7231	1024
5074	1024
2803	1024
599	1024
7558	1024
3060	1024
6862	1024
4514	1024
485	1024
3267	1024
2026	1024
1828	1024
161	1024
4474	1024
5217	1024
8745	1024
2182	1024
3885	1024
8387	1024
283	1024
1435	1024
706	1024
5389	1024
6138	1024
9420	1024
260	1024
5147	1024
1325	1024
4383	1024
3246	1024
6211	1024
1613	1024
4671	1024
5365	1024
8563	1024
2228	1024
8424	1024
5424	1024
3093	1024
8908	1024
8691	1024
5118	1024
7088	1024
5203	1024
5943	1024
2304	1024
299	1024
4477	1024
2540	1024
8685	1024
4759	1024
327	1024
5742	1024
6499	1024
6464	1024
5161	1024
3111	1024
1610	1024
2837	1024
7493	1024
1207	1024
5399	1024
5457	1024
2229	1024
763	1024
4019	1024
808	1024
9187	1024
5794	1024
3900	1024
8094	1024
836	1024
9017	1024
1533	1024
6038	1024
1312	1024
188	1024
6336	1024
5788	1024
9080	1024
1372	1024
6898	1024
9406	1024
7113	1024
3396	1024
2221	1024
8625	1024
2858	1024
3830	1024
1462	1024
350	1024
1388	1024
6860	1024
5806	1024
3616	1024
7623	1024
6176	1024
4423	1024
3161	1024
1970	1024
8322	1024
7606	1024
2805	1024
3690	1024
9139	1024
5195	1024
1353	1024
9326	1024
7882	1024
7140	1024
4757	1024
9254	1024
4037	1024
4162	1024
2718	1024
3785	1024
6382	1024
7695	1024
6642	1024
6563	1024
9156	1024
3344	1024
4302	1024
2367	1024
5501	1024
7917	1024
9989	1024
1677	1024
8691	1024
9501	1024
9998	1024
3364	1024
7107	1024
2802	1024
3406	1024
6245	1024
4348	1024
4758	1024
1922	1024
2230	1024
8250	1024
6679	1024
7835	1024
8638	1024
7192	1024
6904	1024
2422	1024
3574	1024
4598	1024
5416	1024
6488	1024
3753	1024
5111	1024
790	1024
6120	1024
611	1024
5058	1024
2460	1024
2287	1024
3749	1024
1961	1024
2284	1024
3464	1024
5419	1024
1438	1024
3221	1024
1663	1024
5785	1024
7979	1024
9936	1024
4366	1024
2580	1024
2966	1024
8552	1024
1217	1024
158	1024
5456	1024
9991	1024
83	1024
53	1024
1758	1024
2922	1024
158	1024
6868	1024
3711	1024
6277	1024
7478	1024
8769	1024
5088	1024
6117	1024
8869	1024
3400	1024
4752	1024
8684	1024
8818	1024
6189	1024
1905	1024
6832	1024
8326	1024
6235	1024
6768	1024
9043	1024
8814	1024
9733	1024
7595	1024
6382	1024
6242	1024
3050	1024
6372	1024
6324	1024
9454	1024
8129	1024
9246	1024
9611	1024
4996	1024
9308	1024
2239	1024
8826	1024
4428	1024
7327	1024
4942	1024
9648	1024
7078	1024
6045	1024
8332	1024
5896	1024
8586	1024
6588	1024
2727	1024
3263	1024
2822	1024
9494	1024
2305	1024
7987	1024
5579	1024
9899	1024
4368	1024
8172	1024
9300	1024
740	1024
848	1024
8754	1024
5220	1024
93	1024
4716	1024
6568	1024
5752	1024
6955	1024
5393	1024
180	1024
633	1024
6686	1024
6179	1024
7710	1024
9082	1024
862	1024
3605	1024
7667	1024
7449	1024
2684	1024
929	1024
6622	1024
8529	1024
3234	1024
960	1024
459	1024
9484	1024
5328	1024
8631	1024
5136	1024
2419	1024
9478	1024
241	1024
3990	1024
5922	1024
4956	1024
557	1024
1673	1024
8262	1024
2301	1024
8204	1024
5246	1024
5338	1024
4383	1024
2956	1024
4420	1024
1596	1024
2912	1024
2086	1024
9045	1024
5595	1024
9367	1024
2018	1024
476	1024
2600	1024
2978	1024
934	1024
8435	1024
4657	1024
9564	1024
3570	1024
3427	1024
9041	1024
162	1024
3768	1024
4962	1024
1470	1024
4325	1024
2987	1024
9731	1024
2977	1024
1190	1024
4977	1024
8315	1024
1924	1024
4284	1024
9086	1024
3520	1024
7195	1024
1171	1024
8916	1024
9142	1024
6889	1024
7285	1024
9617	1024
9488	1024
262	1024
550	1024
4275	1024
1270	1024
114	1024
4196	1024
1048	1024
5506	1024
4358	1024
4816	1024
468	1024
2179	1024
5492	1024
9806	1024
1909	1024
8468	1024
995	1024
3237	1024
3134	1024
9271	1024
7520	1024
2219	1024
9142	1024
1067	1024
9742	1024
8057	1024
6560	1024
6630	1024
5341	1024
2528	1024
2470	1024
1955	1024
9429	1024
6744	1024
9576	1024
5894	1024
7291	1024
624	1024
1400	1024
8000	1024
1791	1024
8219	1024
178	1024
7282	1024
8024	1024
2087	1024
2101	1024
5370	1024
1675	1024
5235	1024
992	1024
5547	1024
3805	1024
133	1024
2965	1024
3546	1024
8189	1024
5876	1024
6528	1024
9882	1024
8403	1024
5349	1024
1836	1024
7831	1024
8444	1024
7763	1024
3725	1024
5734	1024
4738	1024
1476	1024
3734	1024
6528	1024
6046	1024
3911	1024
161	1024
4069	1024
2349	1024
2262	1024
5790	1024
376	1024
3848	1024
6782	1024
5922	1024
4004	1024
6914	1024
5238	1024
7550	1024
1455	1024
1113	1024
429	1024
1336	1024
9515	1024
5777	1024
9523	1024
3697	1024
4220	1024
7285	1024
3773	1024
6305	1024
8375	1024
1600	1024
6390	1024
4902	1024
7645	1024
6653	1024
1415	1024
8065	1024
5353	1024
28	1024
3855	1024
5728	1024
3875	1024
6988	1024
8001	1024
7878	1024
3901	1024
3238	1024
1779	1024
1707	1024
4350	1024
8559	1024
3042	1024
216	1024
687	1024
8916	1024
3913	1024
4906	1024
2553	1024
4037	1024
7563	1024
927	1024
5637	1024
3952	1024
2180	1024
3281	1024
604	1024
3594	1024
1346	1024
5957	1024
9973	1024
1552	1024
1684	1024
3847	1024
8539	1024
6037	1024
8077	1024
8791	1024
9274	1024
6207	1024
498	1024
9976	1024
4766	1024
9891	1024
191	1024
5452	1024
8807	1024
455	1024
6710	1024
1359	1024
4492	1024
624	1024
8637	1024
128	1024
4575	1024
816	1024
9760	1024
1531	1024
762	1024
1105	1024
7487	1024
734	1024
2656	1024
5522	1024
933	1024
1194	1024
1558	1024
9009	1024
6337	1024
7184	1024
1567	1024
6834	1024
3511	1024
2684	1024
6724	1024
3701	1024
4488	1024
5530	1024
508	1024
7549	1024
3240	1024
1351	1024
8172	1024
1876	1024
1478	1024
2746	1024
9044	1024
1237	1024
628	1024
6157	1024
8694	1024
8114	1024
6890	1024
1349	1024
9988	1024
4174	1024
8895	1024
7897	1024
9534	1024
5231	1024
5080	1024
1101	1024
8416	1024
4942	1024
3784	1024
5139	1024
8643	1024
8271	1024
7021	1024
5502	1024
5819	1024
6612	1024
6852	1024
3990	1024
4840	1024
4681	1024
3088	1024
235	1024
5917	1024
3715	1024
6391	1024
962	1024
8181	1024
9632	1024
8663	1024
8168	1024
3806	1024
7557	1024
6064	1024
3339	1024
9139	1024
7496	1024
791	1024
3906	1024
2437	1024
4575	1024
5396	1024
7431	1024
9197	1024
2416	1024
9284	1024
1368	1024
5380	1024
6135	1024
1709	1024
6571	1024
815	1024
1148	1024
6805	1024
3084	1024
1215	1024
3195	1024
4045	1024
9395	1024
9178	1024
9059	1024
3914	1024
2983	1024
6615	1024
6329	1024
2674	1024
2105	1024
3824	1024
3464	1024
2362	1024
2613	1024
4390	1024
7758	1024
43	1024
3587	1024
6525	1024
5679	1024
1306	1024
1904	1024
1813	1024
3014	1024
8474	1024
8980	1024
4162	1024
5278	1024
8415	1024
5376	1024
4824	1024
2459	1024
1122	1024
4002	1024
7870	1024
5035	1024
3336	1024
4484	1024
1363	1024
6009	1024
2941	1024
1539	1024
5825	1024
5302	1024
4151	1024
214	1024
3059	1024
545	1024
152	1024
9584	1024
6223	1024
1457	1024
7839	1024
4388	1024
823	1024
6313	1024
3367	1024
1336	1024
7942	1024
1781	1024
6711	1024
9118	1024
591	1024
4184	1024
3119	1024
8460	1024
9218	1024
2806	1024
9296	1024
580	1024
8815	1024
8588	1024
8470	1024
4639	1024
3889	1024
2620	1024
1204	1024
3300	1024
3165	1024
1356	1024
9235	1024
5739	1024
9164	1024
3425	1024
126	1024
9986	1024
6089	1024
3492	1024
7673	1024
4031	1024
1624	1024
4383	1024
9500	1024
2215	1024
4918	1024
2618	1024
7026	1024
4135	1024
5423	1024
6321	1024
1067	1024
589	1024
4908	1024
9536	1024
1579	1024
5149	1024
8508	1024
2783	1024
4800	1024
8024	1024
490	1024
386	1024
3762	1024
9653	1024
3810	1024
3888	1024
5991	1024
9899	1024
3731	1024
3663	1024
281	1024
5355	1024
4398	1024
9780	1024
3921	1024
9315	1024
8749	1024
946	1024
9802	1024
523	1024
3619	1024
868	1024
7464	1024
4878	1024
6755	1024
9042	1024
6378	1024
5262	1024
1824	1024
7529	1024
3285	1024
2313	1024
7914	1024
3399	1024
8318	1024
8076	1024
7286	1024
660	1024
7974	1024
7368	1024
4322	1024
4606	1024
9074	1024
5071	1024
737	1024
2994	1024
738	1024
9485	1024
292	1024
539	1024
6359	1024
262	1024
7758	1024
3822	1024
5139	1024
4512	1024
2864	1024
7869	1024
6126	1024
1039	1024
5397	1024
9410	1024
9704	1024
3311	1024
9160	1024
8021	1024
1386	1024
6445	1024
5032	1024
5711	1024
165	1024
5705	1024
6668	1024
9238	1024
776	1024
7404	1024
8584	1024
1513	1024
3240	1024
8875	1024
8403	1024
9598	1024
5488	1024
6160	1024
9772	1024
626	1024
7023	1024
8987	1024
8494	1024
3148	1024
25	1024
243	1024
8910	1024
9728	1024
3553	1024
8069	1024
4100	1024
1290	1024
866	1024
9131	1024
3352	1024
1030	1024
4836	1024
19	1024
267	1024
1963	1024
3774	1024
8850	1024
9827	1024
7013	1024
4076	1024
8229	1024
2962	1024
5915	1024
4388	1024
2733	1024
6541	1024
7762	1024
8071	1024
1386	1024
910	1024
8096	1024
7980	1024
9819	1024
4175	1024
1532	1024
4239	1024
8275	1024
9173	1024
5104	1024
3757	1024
2524	1024
6133	1024
4944	1024
8894	1024
2752	1024
6906	1024
2667	1024
7953	1024
3084	1024
6031	1024
8381	1024
1312	1024
8993	1024
4295	1024
2051	1024
8077	1024
7187	1024
9813	1024
2500	1024
4925	1024
7074	1024
595	1024
2904	1024
3244	1024
4769	1024
788	1024
7482	1024
9395	1024
9960	1024
2586	1024
9504	1024
8836	1024
5070	1024
799	1024
7729	1024
4173	1024
4057	1024
6748	1024
2126	1024
7140	1024
2778	1024
6858	1024
8452	1024
8122	1024
1152	1024
6854	1024
2551	1024
4691	1024
6666	1024
5050	1024
9615	1024
91	1024
1996	1024
2518	1024
3334	1024
3116	1024
9657	1024
816	1024
8863	1024
9617	1024
9753	1024
4718	1024
4804	1024
1174	1024
5516	1024
8884	1024
5347	1024
9572	1024
5631	1024
3824	1024
6712	1024
4761	1024
681	1024
1515	1024
9234	1024
8184	1024
8368	1024
8136	1024
9226	1024
1386	1024
9537	1024
8840	1024
1476	1024
1532	1024
7710	1024
4810	1024
1000	1024
7366	1024
5625	1024
9862	1024
3334	1024
1729	1024
931	1024
8137	1024
2902	1024
6446	1024
7021	1024
8248	1024
6018	1024
9003	1024
8423	1024
9081	1024
115	1024
5455	1024
595	1024
5701	1024
9991	1024
8962	1024
3836	1024
9216	1024
347	1024
9725	1024
8056	1024
1823	1024
1256	1024
2117	1024
2984	1024
8607	1024
5834	1024
8608	1024
4820	1024
9168	1024
336	1024
5750	1024
3656	1024
9589	1024
2196	1024
7028	1024
4189	1024
4565	1024
2383	1024
2611	1024
9997	1024
2497	1024
8066	1024
591	1024
8197	1024
8056	1024
5904	1024
8385	1024
3623	1024
2603	1024
8109	1024
8030	1024
4425	1024
5716	1024
146	1024
7408	1024
4323	1024
2332	1024
2367	1024
5494	1024
7851	1024
9054	1024
1244	1024
1506	1024
4994	1024
9791	1024
4886	1024
9182	1024
707	1024
7268	1024
1793	1024
703	1024
6116	1024
6210	1024
1293	1024
665	1024
617	1024
7196	1024
9049	1024
4239	1024
9798	1024
7157	1024
8621	1024
574	1024
9224	1024
8766	1024
4333	1024
9898	1024
7449	1024
3051	1024
5392	1024
5299	1024
8456	1024
6635	1024
6805	1024
3450	1024
6425	1024
8042	1024
2631	1024
7131	1024
5309	1024
775	1024
4185	1024
7776	1024
6984	1024
5477	1024
8440	1024
3952	1024
9024	1024
7488	1024
4543	1024
5174	1024
996	1024
3163	1024
2099	1024
6572	1024
8280	1024
2784	1024
6469	1024
5729	1024
5834	1024
1860	1024
1027	1024
4290	1024
4846	1024
4183	1024
4091	1024
7622	1024
2224	1024
6721	1024
1104	1024
3884	1024
7496	1024
5288	1024
1660	1024
831	1024
7116	1024
99	1024
1135	1024
6140	1024
3939	1024
5677	1024
7665	1024
1286	1024
5191	1024
6115	1024
7857	1024
3470	1024
8898	1024
4326	1024
5550	1024
1084	1024
6185	1024
6577	1024
1725	1024
7383	1024
7111	1024
5815	1024
5004	1024
5687	1024
2535	1024
6108	1024
5922	1024
6382	1024
1395	1024
7581	1024
7213	1024
8511	1024
4032	1024
8347	1024
1002	1024
4322	1024
375	1024
5018	1024
5607	1024
5565	1024
1132	1024
3464	1024
9034	1024
30	1024
4141	1024
4584	1024
1113	1024
6677	1024
7512	1024
2837	1024
4059	1024
974	1024
5003	1024
9063	1024
6660	1024
7537	1024
5170	1024
2582	1024
3919	1024
2916	1024
6514	1024
7483	1024
7778	1024
6897	1024
2181	1024
8779	1024
1218	1024
2555	1024
3796	1024
6825	1024
4471	1024
4928	1024
6640	1024
9856	1024
1309	1024
780	1024
4439	1024
8773	1024
7456	1024
8302	1024
7961	1024
1515	1024
9276	1024
2963	1024
6929	1024
2287	1024
499	1024
2098	1024
4868	1024
769	1024
1365	1024
7734	1024
4603	1024
9143	1024
4630	1024
3135	1024
4273	1024
5848	1024
2041	1024
4421	1024
9024	1024
6511	1024
5700	1024
5663	1024
6367	1024
7008	1024
6442	1024
7157	1024
2132	1024
249	1024
1811	1024
92	1024
1763	1024
7438	1024
3054	1024
8691	1024
9724	1024
9904	1024
7140	1024
944	1024
7025	1024
4857	1024
8677	1024
1627	1024
351	1024
9658	1024
1114	1024
4623	1024
5505	1024
3154	1024
5395	1024
880	1024
9665	1024
1094	1024
6542	1024
2383	1024
4453	1024
9335	1024
5891	1024
6584	1024
9584	1024
7701	1024
3027	1024
7698	1024
5138	1024
6080	1024
2741	1024
4862	1024
2336	1024
6232	1024
2157	1024
9360	1024
7440	1024
833	1024
7338	1024
7790	1024
490	1024
8451	1024
8765	1024
2347	1024
1605	1024
4159	1024
3226	1024
7621	1024
1605	1024
6120	1024
6355	1024
6057	1024
1806	1024
2245	1024
8993	1024
7741	1024
6298	1024
8371	1024
5439	1024
1435	1024
803	1024
4531	1024
2648	1024
3138	1024
7114	1024
1156	1024
2497	1024
4554	1024
8340	1024
6186	1024
2343	1024
5182	1024
4637	1024
1107	1024
7528	1024
2593	1024
1618	1024
7105	1024
6565	1024
3222	1024
9576	1024
2919	1024
5630	1024
1382	1024
1515	1024
974	1024
9122	1024
7812	1024
9345	1024
912	1024
5599	1024
147	1024
5442	1024
4598	1024
9636	1024
2556	1024
5754	1024
8484	1024
3461	1024
4093	1024
4669	1024
5803	1024
9274	1024
9305	1024
3262	1024
3153	1024
8249	1024
4879	1024
6610	1024
4813	1024
4452	1024
6185	1024
4083	1024
6433	1024
7566	1024
5598	1024
7407	1024
6688	1024
9761	1024
3103	1024
7599	1024
5359	1024
9601	1024
9393	1024
6309	1024
9236	1024
1948	1024
8414	1024
7719	1024
1760	1024
2506	1024
8739	1024
7562	1024
8132	1024
4396	1024
7175	1024
7636	1024
2644	1024
8405	1024
4245	1024
3809	1024
9208	1024
430	1024
7891	1024
5641	1024
7995	1024
3488	1024
3047	1024
1034	1024
9601	1024
2501	1024
8633	1024
1311	1024
2101	1024
4377	1024
7619	1024
7688	1024
6324	1024
6032	1024
1758	1024
4435	1024
4890	1024
496	1024
8348	1024
9373	1024
4891	1024
5523	1024
7008	1024
7535	1024
279	1024
7605	1024
1343	1024
9487	1024
8034	1024
9233	1024
5127	1024
2380	1024
9073	1024
4525	1024
9766	1024
5025	1024
7025	1024
4750	1024
6335	1024
9125	1024
9126	1024
3954	1024
6812	1024
1801	1024
6337	1024
8569	1024
6235	1024
7578	1024
5416	1024
4582	1024
6950	1024
307	1024
104	1024
310	1024
4193	1024
6735	1024
7914	1024
5535	1024
6221	1024
2299	1024
1119	1024
1347	1024
1030	1024
6543	1024
2223	1024
795	1024
1567	1024
9247	1024
5544	1024
4254	1024
4723	1024
1021	1024
8207	1024
1534	1024
2821	1024
895	1024
6454	1024
9055	1024
8473	1024
1869	1024
3637	1024
1774	1024
8527	1024
92	1024
2083	1024
2719	1024
6826	1024
9996	1024
8253	1024
9398	1024
8646	1024
5724	1024
7096	1024
9676	1024
8618	1024
9318	1024
6822	1024
6537	1024
8564	1024
2366	1024
790	1024
3286	1024
3386	1024
5348	1024
1171	1024
2559	1024
6242	1024
3976	1024
1613	1024
1066	1024
2197	1024
1601	1024
2840	1024
723	1024
1693	1024
4922	1024
3442	1024
4870	1024
1270	1024
8046	1024
620	1024
9915	1024
3769	1024
7715	1024
9590	1024
8739	1024
7033	1024
6412	1024
5275	1024
5596	1024
5129	1024
6064	1024
5234	1024
4866	1024
1411	1024
2756	1024
7424	1024
7652	1024
6732	1024
5389	1024
8718	1024
8928	1024
6989	1024
7909	1024
9650	1024
5033	1024
2830	1024
9443	1024
6255	1024
4099	1024
7489	1024
6874	1024
366	1024
7609	1024
4588	1024
6307	1024
6347	1024
1620	1024
9070	1024
7973	1024
3568	1024
550	1024
4036	1024
5153	1024
5416	1024
5446	1024
7908	1024
9191	1024
9450	1024
991	1024
4579	1024
4519	1024
9918	1024
1568	1024
2427	1024
5920	1024
2952	1024
5256	1024
5362	1024
9206	1024
5707	1024
9202	1024
6079	1024
2424	1024
3163	1024
7019	1024
8730	1024
9509	1024
4990	1024
7800	1024
7482	1024
4909	1024
8349	1024
7869	1024
61	1024
116	1024
9667	1024
4321	1024
9307	1024
9116	1024
5311	1024
237	1024
9986	1024
5229	1024
8156	1024
2412	1024
7500	1024
1108	1024
4019	1024
9213	1024
6665	1024
6077	1024
8415	1024
9096	1024
8500	1024
1577	1024
6114	1024
7230	1024
7437	1024
7455	1024
1381	1024
1270	1024
2364	1024
6081	1024
5491	1024
2424	1024
6197	1024
5157	1024
3096	1024
1855	1024
4272	1024
8407	1024
8443	1024
4257	1024
9987	1024
6599	1024
3020	1024
7486	1024
4058	1024
7038	1024
6698	1024
722	1024
3115	1024
1464	1024
9817	1024
7966	1024
9392	1024
2282	1024
1547	1024
3181	1024
9737	1024
2927	1024
802	1024
2100	1024
9008	1024
6292	1024
875	1024
1556	1024
7800	1024
3971	1024
9762	1024
2071	1024
2377	1024
8204	1024
2679	1024
8715	1024
4802	1024
2050	1024
6200	1024
8859	1024
9088	1024
9249	1024
9581	1024
8554	1024
7065	1024
5749	1024
2871	1024
2808	1024
4383	1024
4418	1024
2340	1024
4119	1024
7344	1024
3142	1024
2570	1024
2703	1024
5785	1024
9796	1024
4258	1024
3585	1024
3766	1024
371	1024
2007	1024
2494	1024
8575	1024
1038	1024
1208	1024
3376	1024
3087	1024
3759	1024
8587	1024
8526	1024
9360	1024
4519	1024
3431	1024
2776	1024
6619	1024
6302	1024
5583	1024
1001	1024
719	1024
7923	1024
1471	1024
4414	1024
7416	1024
4040	1024
7117	1024
3200	1024
3836	1024
7726	1024
3136	1024
3953	1024
8097	1024
5143	1024
2799	1024
6671	1024
2532	1024
358	1024
6398	1024
5618	1024
4117	1024
1336	1024
496	1024
9828	1024
5854	1024
3926	1024
2603	1024
2473	1024
227	1024
4537	1024
3473	1024
7297	1024
2459	1024
4944	1024
1711	1024
6226	1024
5335	1024
5179	1024
5778	1024
5522	1024
2904	1024
8913	1024
9475	1024
7352	1024
407	1024
2273	1024
374	1024
2938	1024
8982	1024
3124	1024
4908	1024
3098	1024
4459	1024
5403	1024
9277	1024
313	1024
9328	1024
1879	1024
9137	1024
5907	1024
6416	1024
2609	1024
3203	1024
5226	1024
3904	1024
1265	1024
1452	1024
5591	1024
6443	1024
7229	1024
1112	1024
5699	1024
2493	1024
6938	1024
9402	1024
2900	1024
5562	1024
9776	1024
2189	1024
4544	1024
2899	1024
3448	1024
3993	1024
3709	1024
8850	1024
3270	1024
373	1024
4530	1024
1500	1024
9509	1024
436	1024
7915	1024
8470	1024
9990	1024
9493	1024
2373	1024
1255	1024
7296	1024
7963	1024
4049	1024
4524	1024
5427	1024
9747	1024
3368	1024
2364	1024
9149	1024
6267	1024
7926	1024
5276	1024
4808	1024
2469	1024
4526	1024
8255	1024
6461	1024
8234	1024
3457	1024
9730	1024
8607	1024
7986	1024
1230	1024
8115	1024
4773	1024
5496	1024
6584	1024
4762	1024
1340	1024
5309	1024
2368	1024
8635	1024
9623	1024
6417	1024
9510	1024
5049	1024
2515	1024
2878	1024
7413	1024
1663	1024
5496	1024
1690	1024
3290	1024
303	1024
4158	1024
7815	1024
4910	1024
6970	1024
2401	1024
8366	1024
6700	1024
1007	1024
6351	1024
4281	1024
5473	1024
1123	1024
6128	1024
8409	1024
2236	1024
7468	1024
69	1024
4604	1024
2454	1024
9691	1024
7372	1024
1964	1024
1092	1024
9886	1024
4841	1024
4856	1024
1549	1024
336	1024
6545	1024
4838	1024
6991	1024
702	1024
9005	1024
1900	1024
7671	1024
1405	1024
265	1024
722	1024
8763	1024
2967	1024
1354	1024
4235	1024
441	1024
3834	1024
8995	1024
2676	1024
1301	1024
9063	1024
3631	1024
106	1024
8754	1024
1002	1024
2069	1024
6197	1024
888	1024
6909	1024
1052	1024
8788	1024
3597	1024
7596	1024
9977	1024
587	1024
4649	1024
8981	1024
2486	1024
2319	1024
385	1024
9102	1024
9393	1024
5499	1024
2068	1024
746	1024
9734	1024
8860	1024
931	1024
8728	1024
1535	1024
8583	1024
4143	1024
1518	1024
8689	1024
9248	1024
2519	1024
757	1024
5444	1024
3406	1024
4018	1024
6495	1024
8545	1024
3966	1024
4090	1024
8522	1024
904	1024
8738	1024
3854	1024
9741	1024
7408	1024
591	1024
8842	1024
6800	1024
6089	1024
7261	1024
3898	1024
2174	1024
6120	1024
4828	1024
7254	1024
4006	1024
3411	1024
1396	1024
5523	1024
8451	1024
643	1024
8042	1024
9207	1024
6086	1024
7799	1024
9576	1024
2580	1024
6344	1024
3541	1024
6669	1024
1217	1024
4444	1024
1758	1024
5070	1024
4184	1024
9165	1024
5660	1024
9377	1024
5965	1024
8101	1024
6637	1024
6214	1024
274	1024
9108	1024
7393	1024
7527	1024
3114	1024
7155	1024
8922	1024
8636	1024
5605	1024
9564	1024
6677	1024
4812	1024
2001	1024
828	1024
739	1024
4580	1024
3523	1024
632	1024
7600	1024
4739	1024
1427	1024
9357	1024
6160	1024
1963	1024
8522	1024
8172	1024
1339	1024
838	1024
6272	1024
4328	1024
3403	1024
6545	1024
3435	1024
795	1024
424	1024
2900	1024
7950	1024
5697	1024
1536	1024
3554	1024
5261	1024
4564	1024
4717	1024
3613	1024
5391	1024
5456	1024
8193	1024
8913	1024
2439	1024
2144	1024
3	1024
3865	1024
1501	1024
6163	1024
5827	1024
6374	1024
4334	1024
3518	1024
7211	1024
6957	1024
4197	1024
613	1024
9853	1024
3983	1024
1407	1024
276	1024
6883	1024
5708	1024
5973	1024
8418	1024
9262	1024
7585	1024
2981	1024
330	1024
1197	1024
8372	1024
2137	1024
5741	1024
3636	1024
4575	1024
7885	1024
3639	1024
4792	1024
9385	1024
9801	1024
6970	1024
5758	1024
486	1024
487	1024
9320	1024
7442	1024
1035	1024
9932	1024
7294	1024
5018	1024
7690	1024
3922	1024
1900	1024
9750	1024
9894	1024
6669	1024
9011	1024
3830	1024
9649	1024
9340	1024
1378	1024
4372	1024
7829	1024
7119	1024
4360	1024
2403	1024
1355	1024
7998	1024
7194	1024
739	1024
4150	1024
4164	1024
2848	1024
4635	1024
1002	1024
8519	1024
8428	1024
8389	1024
4802	1024
2073	1024
3406	1024
2491	1024
5994	1024
1657	1024
2240	1024
2239	1024
8325	1024
7602	1024
6068	1024
4325	1024
3294	1024
7446	1024
8697	1024
1122	1024
916	1024
3056	1024
9876	1024
2270	1024
7405	1024
7070	1024
9360	1024
1554	1024
7585	1024
2207	1024
2540	1024
4938	1024
7077	1024
967	1024
3326	1024
1878	1024
3039	1024
3083	1024
720	1024
5385	1024
4739	1024
9312	1024
7623	1024
3063	1024
6913	1024
3691	1024
7388	1024
6558	1024
7488	1024
2436	1024
4031	1024
8403	1024
1843	1024
3907	1024
672	1024
9247	1024
7328	1024
31	1024
800	1024
4912	1024
8589	1024
9691	1024
6201	1024
5665	1024
657	1024
9527	1024
7542	1024
47	1024
2609	1024
4613	1024
1783	1024
3700	1024
3924	1024
9406	1024
6762	1024
837	1024
9448	1024
501	1024
3746	1024
6935	1024
2936	1024
7777	1024
1689	1024
4778	1024
1683	1024
8712	1024
376	1024
5362	1024
5094	1024
7527	1024
273	1024
34	1024
7217	1024
2825	1024
2050	1024
4225	1024
8703	1024
5943	1024
4272	1024
1312	1024
555	1024
2406	1024
1363	1024
4479	1024
1811	1024
8124	1024
1667	1024
7610	1024
4977	1024
5412	1024
896	1024
4264	1024
9540	1024
2584	1024
9042	1024
7574	1024
7647	1024
5769	1024
2935	1024
2740	1024
3296	1024
9559	1024
9125	1024
512	1024
2384	1024
1174	1024
4737	1024
1086	1024
7116	1024
5360	1024
8749	1024
7671	1024
7765	1024
111	1024
8501	1024
5928	1024
4587	1024
167	1024
3537	1024
9563	1024
1930	1024
4433	1024
3826	1024
1470	1024
3368	1024
9219	1024
9043	1024
1015	1024
4988	1024
1978	1024
106	1024
8283	1024
1536	1024
9231	1024
5146	1024
271	1024
404	1024
6234	1024
1357	1024
3872	1024
1593	1024
6457	1024
7894	1024
5710	1024
6568	1024
6394	1024
1637	1024
1154	1024
2912	1024
5173	1024
7068	1024
1193	1024
5957	1024
893	1024
2662	1024
9325	1024
6464	1024
8057	1024
339	1024
7803	1024
34	1024
444	1024
2437	1024
7921	1024
6026	1024
7582	1024
8192	1024
6430	1024
3816	1024
5900	1024
6653	1024
1760	1024
2356	1024
898	1024
7469	1024
8923	1024
3643	1024
5457	1024
6428	1024
6554	1024
6982	1024
9847	1024
7746	1024
2938	1024
7092	1024
6760	1024
2262	1024
3555	1024
4816	1024
8952	1024
1357	1024
1201	1024
9396	1024
145	1024
5473	1024
1773	1024
7726	1024
16	1024
4554	1024
7893	1024
5915	1024
1206	1024
6005	1024
8271	1024
2103	1024
9825	1024
3545	1024
5745	1024
5282	1024
6325	1024
8650	1024
2263	1024
6171	1024
2748	1024
1552	1024
9614	1024
9507	1024
166	1024
3168	1024
674	1024
9117	1024
876	1024
8226	1024
4864	1024
1020	1024
3698	1024
6637	1024
5098	1024
3714	1024
1190	1024
9342	1024
5980	1024
2396	1024
5346	1024
602	1024
850	1024
5171	1024
499	1024
2947	1024
452	1024
6823	1024
1596	1024
9066	1024
9345	1024
4343	1024
6969	1024
8959	1024
201	1024
7134	1024
8478	1024
874	1024
6251	1024
9354	1024
9099	1024
7466	1024
6725	1024
9149	1024
4102	1024
8174	1024
9214	1024
5292	1024
7516	1024
5193	1024
4039	1024
2861	1024
5795	1024
1240	1024
4383	1024
6293	1024
4186	1024
4834	1024
9467	1024
2134	1024
251	1024
5163	1024
6476	1024
7220	1024
4121	1024
3029	1024
705	1024
8951	1024
3902	1024
3307	1024
4656	1024
9353	1024
773	1024
7732	1024
8501	1024
4874	1024
5906	1024
7714	1024
6517	1024
3421	1024
9258	1024
6907	1024
2633	1024
5052	1024
8147	1024
7016	1024
7696	1024
8684	1024
8201	1024
3514	1024
817	1024
8452	1024
8677	1024
3645	1024
2023	1024
9149	1024
6673	1024
9079	1024
8099	1024
6926	1024
2386	1024
9106	1024
6278	1024
3158	1024
6838	1024
1130	1024
8031	1024
2743	1024
5195	1024
900	1024
2515	1024
805	1024
7806	1024
5147	1024
2208	1024
5952	1024
2162	1024
9904	1024
4636	1024
363	1024
9769	1024
1804	1024
5166	1024
8445	1024
5448	1024
3540	1024
7594	1024
2120	1024
2618	1024
2044	1024
5398	1024
5003	1024
7502	1024
1675	1024
4512	1024
4339	1024
9157	1024
2543	1024
3433	1024
703	1024
3442	1024
5947	1024
1507	1024
7599	1024
1093	1024
67	1024
3551	1024
9607	1024
9970	1024
4538	1024
6321	1024
9738	1024
6341	1024
7838	1024
4535	1024
8141	1024
1377	1024
8480	1024
260	1024
346	1024
6875	1024
5657	1024
1701	1024
4376	1024
3684	1024
6212	1024
5066	1024
9192	1024
8754	1024
8498	1024
6246	1024
8547	1024
4444	1024
4105	1024
2498	1024
1889	1024
4171	1024
2400	1024
7847	1024
492	1024
6937	1024
4167	1024
6581	1024
9629	1024
8356	1024
1115	1024
7769	1024
9732	1024
9594	1024
4381	1024
6429	1024
2821	1024
37	1024
8129	1024
7196	1024
72	1024
4341	1024
2262	1024
5615	1024
9446	1024
759	1024
1861	1024
4345	1024
1555	1024
5965	1024
6842	1024
9795	1024
6487	1024
9241	1024
7641	1024
6978	1024
2529	1024
8159	1024
3558	1024
2157	1024
6514	1024
4673	1024
6278	1024
2597	1024
618	1024
658	1024
9025	1024
3438	1024
7046	1024
7154	1024
634	1024
7118	1024
1494	1024
9247	1024
2732	1024
7291	1024
6357	1024
944	1024
1635	1024
4263	1024
3260	1024
8476	1024
4057	1024
9746	1024
7716	1024
8049	1024
6723	1024
244	1024
2559	1024
281	1024
8753	1024
5424	1024
1305	1024
5030	1024
8020	1024
1922	1024
5687	1024
3397	1024
5360	1024
2732	1024
6902	1024
2345	1024
6201	1024
4747	1024
7943	1024
5285	1024
2037	1024
4299	1024
6228	1024
3672	1024
4914	1024
9488	1024
2147	1024
8970	1024
5585	1024
6215	1024
3371	1024
2308	1024
2810	1024
5929	1024
8940	1024
1562	1024
7705	1024
244	1024
6591	1024
2076	1024
2165	1024
8629	1024
5472	1024
3876	1024
7713	1024
2373	1024
2572	1024
3913	1024
3471	1024
6866	1024
9197	1024
5508	1024
7517	1024
1777	1024
9179	1024
2430	1024
7616	1024
7677	1024
7751	1024
3200	1024
3891	1024
1121	1024
5507	1024
3053	1024
3402	1024
4446	1024
4614	1024
1106	1024
1041	1024
7557	1024
3181	1024
3206	1024
2537	1024
5005	1024
3433	1024
249	1024
3729	1024
2357	1024
4162	1024
7200	1024
9222	1024
9710	1024
2707	1024
6738	1024
1486	1024
8237	1024
9167	1024
9101	1024
5913	1024
6918	1024
8653	1024
6156	1024
4390	1024
4159	1024
5560	1024
7791	1024
4957	1024
173	1024
5248	1024
5997	1024
4081	1024
8429	1024
5554	1024
6618	1024
9785	1024
5339	1024
3218	1024
3513	1024
7695	1024
7379	1024
7064	1024
6916	1024
7089	1024
9770	1024
6	1024
4926	1024
4358	1024
9172	1024
4027	1024
6623	1024
2441	1024
9031	1024
9130	1024
6831	1024
3189	1024
4689	1024
973	1024
4497	1024
1213	1024
6221	1024
6846	1024
1646	1024
4649	1024
8751	1024
8263	1024
4433	1024
4089	1024
7832	1024
4297	1024
1783	1024
5211	1024
1361	1024
5051	1024
8651	1024
7482	1024
5056	1024
3576	1024
1840	1024
579	1024
3954	1024
4814	1024
3020	1024
2984	1024
3943	1024
6202	1024
2525	1024
8631	1024
7174	1024
3373	1024
6195	1024
3394	1024
218	1024
7840	1024
4394	1024
5321	1024
2454	1024
5178	1024
9409	1024
286	1024
5827	1024
7544	1024
5496	1024
7187	1024
8946	1024
498	1024
1020	1024
353	1024
4073	1024
9211	1024
931	1024
4379	1024
4024	1024
302	1024
7362	1024
4318	1024
2855	1024
6238	1024
9300	1024
29	1024
9611	1024
5495	1024
9774	1024
6180	1024
3334	1024
4168	1024
1500	1024
2140	1024
5697	1024
7261	1024
2425	1024
1523	1024
4804	1024
4272	1024
5061	1024
3749	1024
4769	1024
6081	1024
453	1024
5193	1024
5291	1024
1383	1024
5923	1024
9315	1024
8037	1024
3285	1024
9984	1024
891	1024
9522	1024
9284	1024
919	1024
5484	1024
4778	1024
7045	1024
1664	1024
4463	1024
7564	1024
3163	1024
6602	1024
3260	1024
6775	1024
5378	1024
4783	1024
1578	1024
6001	1024
9843	1024
1678	1024
7121	1024
2275	1024
2130	1024
2314	1024
7566	1024
9865	1024
8236	1024
3232	1024
7901	1024
7872	1024
3215	1024
8791	1024
3746	1024
2498	1024
6062	1024
9229	1024
3627	1024
3106	1024
7244	1024
8090	1024
669	1024
6759	1024
1043	1024
3928	1024
3533	1024
6421	1024
5062	1024
1463	1024
2421	1024
1257	1024
3140	1024
5894	1024
9883	1024
1622	1024
8207	1024
7448	1024
1486	1024
2794	1024
7031	1024
5738	1024
7018	1024
6598	1024
4528	1024
763	1024
9095	1024
6941	1024
6343	1024
2722	1024
46	1024
9939	1024
7163	1024
714	1024
3049	1024
4557	1024
994	1024
6581	1024
977	1024
2407	1024
8043	1024
9750	1024
15	1024
7535	1024
5643	1024
9898	1024
5508	1024
201	1024
3697	1024
3345	1024
9346	1024
728	1024
9082	1024
6363	1024
7325	1024
9961	1024
3477	1024
2771	1024
6902	1024
6172	1024
1844	1024
3299	1024
2462	1024
5358	1024
365	1024
5510	1024
9915	1024
7710	1024
2090	1024
7243	1024
116	1024
6485	1024
6992	1024
6483	1024
371	1024
8986	1024
2732	1024
2230	1024
5538	1024
6428	1024
5574	1024
4884	1024
3507	1024
1007	1024
7598	1024
7183	1024
7319	1024
7427	1024
9954	1024
572	1024
9950	1024
8149	1024
3871	1024
2411	1024
3507	1024
4235	1024
7920	1024
3421	1024
1944	1024
6361	1024
7015	1024
8411	1024
9197	1024
359	1024
4893	1024
9567	1024
9344	1024
7624	1024
8148	1024
1234	1024
404	1024
73	1024
2469	1024
3910	1024
1079	1024
66	1024
7445	1024
4750	1024
3844	1024
7398	1024
5321	1024
3793	1024
1898	1024
9191	1024
6203	1024
1756	1024
9777	1024
4122	1024
1528	1024
1720	1024
6835	1024
8543	1024
131	1024
6031	1024
8901	1024
1375	1024
1950	1024
4596	1024
5351	1024
97	1024
5829	1024
5754	1024
170	1024
8297	1024
6015	1024
7600	1024
4715	1024
3459	1024
8701	1024
8558	1024
7208	1024
4022	1024
2351	1024
9106	1024
9564	1024
8553	1024
861	1024
9341	1024
9027	1024
2389	1024
1060	1024
5861	1024
7283	1024
7542	1024
8243	1024
6183	1024
5269	1024
192	1024
778	1024
619	1024
6641	1024
2959	1024
2724	1024
3162	1024
1255	1024
8738	1024
761	1024
2321	1024
8549	1024
5814	1024
879	1024
5756	1024
9835	1024
9581	1024
1213	1024
9398	1024
4485	1024
8426	1024
8738	1024
3511	1024
7166	1024
6150	1024
5723	1024
4448	1024
3691	1024
3966	1024
630	1024
5311	1024
509	1024
7759	1024
5929	1024
7149	1024
717	1024
5004	1024
310	1024
8324	1024
3742	1024
7423	1024
6996	1024
8642	1024
3236	1024
7874	1024
4397	1024
9422	1024
3806	1024
1962	1024
8819	1024
8291	1024
387	1024
3909	1024
8153	1024
7552	1024
58	1024
228	1024
1999	1024
100	1024
4193	1024
8980	1024
1763	1024
1053	1024
6738	1024
7691	1024
8202	1024
3807	1024
9047	1024
4863	1024
8482	1024
9140	1024
8637	1024
5477	1024
7781	1024
8224	1024
9703	1024
2177	1024
7645	1024
3508	1024
490	1024
2816	1024
8150	1024
876	1024
3076	1024
6303	1024
8427	1024
9485	1024
6530	1024
6777	1024
9584	1024
7074	1024
2108	1024
1346	1024
4478	1024
5198	1024
5389	1024
2679	1024
9004	1024
787	1024
3894	1024
3837	1024
9926	1024
8882	1024
9313	1024
7706	1024
7106	1024
5367	1024
6234	1024
1102	1024
5227	1024
6724	1024
3917	1024
3376	1024
7599	1024
6992	1024
6030	1024
2378	1024
6476	1024
8911	1024
5506	1024
2412	1024
2336	1024
7614	1024
109	1024
6814	1024
2811	1024
1849	1024
5844	1024
8166	1024
2635	1024
6089	1024
8354	1024
2560	1024
4971	1024
4018	1024
265	1024
2076	1024
9385	1024
2851	1024
3177	1024
963	1024
9574	1024
3446	1024
690	1024
3524	1024
6789	1024
6720	1024
5901	1024
9617	1024
1982	1024
7759	1024
8380	1024
670	1024
5372	1024
4840	1024
3835	1024
4534	1024
6689	1024
9678	1024
9051	1024
5675	1024
5767	1024
3756	1024
4587	1024
7089	1024
7773	1024
1203	1024
9164	1024
3509	1024
4053	1024
8692	1024
4471	1024
3626	1024
8489	1024
5161	1024
7150	1024
5278	1024
8232	1024
9402	1024
1246	1024
6565	1024
7160	1024
9625	1024
7234	1024
8883	1024
4464	1024
1068	1024
9768	1024
7504	1024
7098	1024
5170	1024
9531	1024
9216	1024
8925	1024
4117	1024
6304	1024
6698	1024
1671	1024
1819	1024
6558	1024
5724	1024
510	1024
1029	1024
5701	1024
5351	1024
6189	1024
9202	1024
6980	1024
772	1024
8604	1024
8225	1024
7336	1024
2115	1024
4201	1024
922	1024
7350	1024
5016	1024
8341	1024
3469	1024
2520	1024
1790	1024
8639	1024
8402	1024
1005	1024
3915	1024
2518	1024
3660	1024
6964	1024
540	1024
5478	1024
3522	1024
6263	1024
2340	1024
4550	1024
8316	1024
7690	1024
7090	1024
7517	1024
4669	1024
4213	1024
2472	1024
2893	1024
7900	1024
939	1024
3445	1024
8821	1024
4640	1024
8460	1024
3514	1024
8108	1024
979	1024
5303	1024
3098	1024
5732	1024
6308	1024
7013	1024
4601	1024
9967	1024
328	1024
5141	1024
1797	1024
3849	1024
1403	1024
4136	1024
4750	1024
6070	1024
1825	1024
8191	1024
3587	1024
6493	1024
8755	1024
2410	1024
5737	1024
6655	1024
3348	1024
9181	1024
5475	1024
7987	1024
7640	1024
8988	1024
6095	1024
4971	1024
643	1024
5544	1024
702	1024
3302	1024
2556	1024
5303	1024
3268	1024
9236	1024
6795	1024
5064	1024
9436	1024
4549	1024
9199	1024
4186	1024
619	1024
7375	1024
8728	1024
4205	1024
3867	1024
7483	1024
6614	1024
5955	1024
4137	1024
6314	1024
5135	1024
5963	1024
4300	1024
9127	1024
1303	1024
6746	1024
4097	1024
1945	1024
2290	1024
1150	1024
5246	1024
1197	1024
2804	1024
4865	1024
432	1024
9598	1024
6281	1024
9868	1024
499	1024
1831	1024
405	1024
1117	1024
9206	1024
9132	1024
1673	1024
9424	1024
2966	1024
4638	1024
5379	1024
3454	1024
951	1024
513	1024
9417	1024
1603	1024
5991	1024
719	1024
8348	1024
6439	1024
9015	1024
6989	1024
7589	1024
4260	1024
8186	1024
6744	1024
5476	1024
4969	1024
2694	1024
1756	1024
4836	1024
3192	1024
3587	1024
1592	1024
4308	1024
2792	1024
7076	1024
5980	1024
8567	1024
41	1024
6969	1024
3945	1024
3495	1024
7920	1024
810	1024
9263	1024
9522	1024
6800	1024
6333	1024
4221	1024
3239	1024
5347	1024
1210	1024
7179	1024
5958	1024
5747	1024
3922	1024
1433	1024
715	1024
6615	1024
9541	1024
1903	1024
9806	1024
3127	1024
3494	1024
4113	1024
2270	1024
569	1024
6444	1024
836	1024
6962	1024
9765	1024
1133	1024
6808	1024
7684	1024
1942	1024
2422	1024
3557	1024
8741	1024
8754	1024
4129	1024
8331	1024
4100	1024
5338	1024
5509	1024
6409	1024
1084	1024
5783	1024
4193	1024
8151	1024
2397	1024
3733	1024
53	1024
2203	1024
3211	1024
3546	1024
2667	1024
5480	1024
467	1024
5463	1024
2668	1024
3780	1024
5227	1024
3800	1024
6939	1024
9262	1024
2093	1024
9360	1024
9170	1024
833	1024
8113	1024
3298	1024
5516	1024
8564	1024
4988	1024
7376	1024
4972	1024
2423	1024
3158	1024
9164	1024
573	1024
5555	1024
9249	1024
6977	1024
4109	1024
2459	1024
523	1024
3127	1024
7939	1024
7341	1024
8589	1024
6958	1024
7472	1024
167	1024
7109	1024
762	1024
5780	1024
9201	1024
121	1024
4949	1024
6385	1024
4585	1024
8247	1024
1900	1024
3148	1024
9586	1024
9276	1024
4471	1024
2008	1024
8785	1024
9986	1024
8933	1024
4339	1024
9234	1024
5909	1024
4799	1024
1693	1024
2783	1024
7926	1024
5983	1024
6475	1024
2866	1024
9292	1024
298	1024
9385	1024
6400	1024
1059	1024
5164	1024
5600	1024
1179	1024
113	1024
8336	1024
5763	1024
4711	1024
236	1024
5262	1024
648	1024
5863	1024
6084	1024
2655	1024
999	1024
6070	1024
7939	1024
5338	1024
5303	1024
3848	1024
6488	1024
3347	1024
2982	1024
4413	1024
9329	1024
9457	1024
3631	1024
8620	1024
9754	1024
3015	1024
1371	1024
813	1024
8178	1024
6970	1024
8343	1024
8290	1024
5306	1024
458	1024
9352	1024
1893	1024
5719	1024
9999	1024
4107	1024
1803	1024
9006	1024
5105	1024
4224	1024
6944	1024
6794	1024
9526	1024
7143	1024
3282	1024
9225	1024
6477	1024
4046	1024
8553	1024
2285	1024
7676	1024
3525	1024
2038	1024
690	1024
4895	1024
9202	1024
8868	1024
8217	1024
3897	1024
3509	1024
3522	1024
4354	1024
9213	1024
1766	1024
72	1024
9211	1024
2224	1024
8226	1024
4568	1024
3680	1024
8801	1024
7864	1024
6826	1024
8327	1024
1358	1024
6459	1024
3903	1024
7834	1024
504	1024
2455	1024
118	1024
8180	1024
5979	1024
8508	1024
5221	1024
7226	1024
4061	1024
4088	1024
5442	1024
7957	1024
3949	1024
5315	1024
2310	1024
3161	1024
3432	1024
8734	1024
8723	1024
5655	1024
3311	1024
9643	1024
5686	1024
2112	1024
7506	1024
2511	1024
6790	1024
5215	1024
8969	1024
692	1024
3049	1024
5825	1024
9498	1024
9518	1024
4004	1024
5477	1024
4377	1024
5576	1024
9054	1024
8438	1024
9664	1024
4495	1024
6394	1024
9964	1024
9809	1024
5056	1024
9476	1024
9592	1024
3789	1024
4550	1024
5246	1024
7099	1024
4192	1024
7283	1024
5562	1024
8049	1024
6146	1024
2351	1024
9616	1024
1466	1024
9394	1024
9016	1024
7290	1024
8892	1024
8533	1024
7645	1024
720	1024
2910	1024
3221	1024
9773	1024
7699	1024
9236	1024
4267	1024
4092	1024
9199	1024
427	1024
5499	1024
5026	1024
18	1024
9287	1024
9575	1024
1615	1024
2738	1024
3767	1024
5249	1024
8299	1024
8167	1024
1394	1024
7002	1024
7782	1024
2860	1024
6395	1024
6797	1024
149	1024
5286	1024
1682	1024
4146	1024
2357	1024
943	1024
7366	1024
2129	1024
8641	1024
6601	1024
2747	1024
9084	1024
2151	1024
9525	1024
4583	1024
7176	1024
5894	1024
221	1024
3102	1024
7508	1024
2958	1024
3220	1024
9109	1024
7609	1024
1387	1024
502	1024
962	1024
5520	1024
3361	1024
3708	1024
8669	1024
9862	1024
5346	1024
350	1024
4007	1024
7702	1024
1292	1024
7724	1024
6183	1024
6284	1024
676	1024
8929	1024
5367	1024
9178	1024
8454	1024
6301	1024
2705	1024
699	1024
6522	1024
5806	1024
4559	1024
5831	1024
9026	1024
3667	1024
9791	1024
412	1024
4168	1024
7104	1024
2283	1024
3881	1024
812	1024
951	1024
94	1024
6157	1024
7652	1024
452	1024
210	1024
8943	1024
8175	1024
6392	1024
1578	1024
5202	1024
5321	1024
3297	1024
4379	1024
126	1024
9597	1024
7083	1024
824	1024
2470	1024
2888	1024
5382	1024
4653	1024
1913	1024
5400	1024
4443	1024
8676	1024
9568	1024
1547	1024
7311	1024
9800	1024
2358	1024
8261	1024
9893	1024
4866	1024
5913	1024
344	1024
1427	1024
1207	1024
4870	1024
7819	1024
2785	1024
71	1024
9491	1024
2433	1024
4449	1024
5968	1024
2029	1024
7883	1024
6791	1024
851	1024
770	1024
8525	1024
5503	1024
9035	1024
276	1024
9945	1024
4062	1024
6195	1024
7843	1024
1372	1024
5994	1024
6552	1024
9633	1024
5886	1024
1417	1024
1897	1024
2581	1024
2844	1024
3103	1024
7450	1024
7014	1024
2239	1024
7520	1024
6504	1024
4671	1024
8320	1024
2471	1024
3052	1024
6202	1024
5613	1024
3902	1024
6972	1024
489	1024
9404	1024
2358	1024
765	1024
5700	1024
6419	1024
6959	1024
3543	1024
7791	1024
9305	1024
6446	1024
3775	1024
1542	1024
7863	1024
5671	1024
4123	1024
7058	1024
8773	1024
7924	1024
423	1024
7364	1024
5444	1024
6926	1024
2034	1024
3763	1024
5748	1024
5085	1024
6317	1024
7712	1024
5338	1024
9640	1024
4553	1024
1093	1024
1997	1024
1669	1024
6793	1024
4767	1024
4979	1024
6687	1024
2557	1024
4283	1024
3132	1024
6331	1024
5825	1024
7346	1024
8353	1024
6299	1024
755	1024
7126	1024
4222	1024
1177	1024
841	1024
6017	1024
4454	1024
9226	1024
6132	1024
6553	1024
663	1024
2448	1024
4265	1024
6000	1024
2087	1024
5169	1024
7093	1024
435	1024
6837	1024
237	1024
5201	1024
1815	1024
3275	1024
4110	1024
6098	1024
6406	1024
440	1024
8274	1024
104	1024
8793	1024
4572	1024
858	1024
2270	1024
5145	1024
8387	1024
9462	1024
1162	1024
9192	1024
8687	1024
7293	1024
5745	1024
9349	1024
9740	1024
6361	1024
5349	1024
8178	1024
1529	1024
8793	1024
8612	1024
8365	1024
5381	1024
3812	1024
179	1024
8655	1024
7921	1024
2628	1024
1412	1024
4713	1024
7253	1024
1515	1024
9857	1024
8176	1024
8725	1024
8478	1024
3321	1024
3463	1024
7939	1024
834	1024
2654	1024
2977	1024
8126	1024
4750	1024
2326	1024
4217	1024
1110	1024
4026	1024
2394	1024
2638	1024
9170	1024
7357	1024
7354	1024
4550	1024
1168	1024
3885	1024
9556	1024
5441	1024
6512	1024
967	1024
6505	1024
3765	1024
8834	1024
2713	1024
8292	1024
3910	1024
1190	1024
1612	1024
7372	1024
5480	1024
2445	1024
25	1024
8456	1024
6922	1024
4775	1024
7133	1024
1138	1024
2236	1024
1158	1024
3531	1024
4874	1024
327	1024
887	1024
8579	1024
1228	1024
8407	1024
2463	1024
783	1024
199	1024
5327	1024
1750	1024
3055	1024
5443	1024
583	1024
5767	1024
3734	1024
4492	1024
3308	1024
1698	1024
8215	1024
8787	1024
4142	1024
4591	1024
3594	1024
7416	1024
9365	1024
727	1024
8553	1024
7953	1024
1884	1024
8436	1024
9178	1024
8563	1024
5674	1024
7756	1024
9790	1024
432	1024
219	1024
573	1024
6982	1024
5545	1024
2322	1024
36	1024
7339	1024
9256	1024
5802	1024
1072	1024
99	1024
9109	1024
2769	1024
8313	1024
4247	1024
3263	1024
2903	1024
7841	1024
678	1024
8620	1024
8567	1024
5582	1024
6572	1024
6802	1024
4017	1024
5749	1024
1716	1024
6043	1024
9856	1024
1506	1024
6474	1024
74	1024
2078	1024
3456	1024
1970	1024
751	1024
3491	1024
9308	1024
6358	1024
5645	1024
6732	1024
2808	1024
1105	1024
9500	1024
1120	1024
5352	1024
9114	1024
374	1024
3192	1024
9791	1024
5345	1024
8110	1024
5373	1024
8268	1024
1263	1024
5741	1024
4016	1024
2979	1024
1783	1024
224	1024
4484	1024
4609	1024
297	1024
2913	1024
8064	1024
8619	1024
15	1024
7906	1024
4278	1024
2724	1024
9902	1024
7361	1024
5531	1024
1007	1024
3213	1024
3002	1024
6358	1024
2326	1024
9727	1024
5901	1024
2117	1024
5072	1024
362	1024
3841	1024
3339	1024
1624	1024
9581	1024
3707	1024
954	1024
7716	1024
3930	1024
1789	1024
2324	1024
578	1024
1053	1024
6739	1024
5548	1024
1067	1024
996	1024
6178	1024
3790	1024
898	1024
3538	1024
5672	1024
8256	1024
6750	1024
8673	1024
965	1024
9076	1024
8400	1024
6865	1024
7544	1024
3471	1024
3578	1024
7736	1024
3161	1024
1553	1024
3668	1024
6867	1024
2507	1024
1383	1024
7148	1024
4295	1024
58	1024
4078	1024
5348	1024
6796	1024
9625	1024
2766	1024
7792	1024
5802	1024
2908	1024
5041	1024
9340	1024
8579	1024
3296	1024
2441	1024
7252	1024
4260	1024
1516	1024
2003	1024
7476	1024
5411	1024
5473	1024
1053	1024
3146	1024
4985	1024
8957	1024
6814	1024
8204	1024
7815	1024
8196	1024
5351	1024
8462	1024
8254	1024
9428	1024
3809	1024
1401	1024
5405	1024
2926	1024
9192	1024
1206	1024
5833	1024
4232	1024
6897	1024
764	1024
3879	1024
9338	1024
4367	1024
8138	1024
7205	1024
6369	1024
5613	1024
2616	1024
8193	1024
3017	1024
5761	1024
3177	1024
1974	1024
2574	1024
7732	1024
9788	1024
7122	1024
3083	1024
8249	1024
1727	1024
8862	1024
8409	1024
3127	1024
618	1024
7687	1024
8671	1024
8176	1024
9871	1024
9254	1024
5072	1024
634	1024
3133	1024
761	1024
1352	1024
7622	1024
7966	1024
7720	1024
3235	1024
581	1024
5912	1024
2603	1024
2693	1024
5441	1024
928	1024
1619	1024
3172	1024
7068	1024
8740	1024
2606	1024
1668	1024
6818	1024
7820	1024
77	1024
6296	1024
8437	1024
4115	1024
1318	1024
6612	1024
3985	1024
572	1024
8036	1024
971	1024
56	1024
8796	1024
2322	1024
4029	1024
6761	1024
6394	1024
3615	1024
3693	1024
8657	1024
6218	1024
6386	1024
4097	1024
7145	1024
8004	1024
3621	1024
564	1024
3095	1024
6226	1024
2232	1024
9912	1024
397	1024
8660	1024
2559	1024
8834	1024
2774	1024
3877	1024
1797	1024
3110	1024
800	1024
9832	1024
432	1024
7207	1024
4980	1024
9106	1024
1235	1024
1740	1024
5499	1024
4850	1024
1785	1024
4155	1024
7419	1024
4522	1024
4604	1024
915	1024
2525	1024
8224	1024
1479	1024
1971	1024
801	1024
3710	1024
8234	1024
1198	1024
2369	1024
792	1024
6383	1024
1494	1024
1020	1024
8179	1024
4603	1024
1819	1024
4363	1024
1387	1024
5377	1024
9342	1024
492	1024
6612	1024
7433	1024
5990	1024
7813	1024
9217	1024
6496	1024
5231	1024
3738	1024
1099	1024
6145	1024
2614	1024
9322	1024
7623	1024
4584	1024
123	1024
7684	1024
9169	1024
1320	1024
6404	1024
6313	1024
7702	1024
7897	1024
7332	1024
2232	1024
8852	1024
5503	1024
6594	1024
238	1024
879	1024
5935	1024
729	1024
3842	1024
9720	1024
3070	1024
8006	1024
8936	1024
9565	1024
3236	1024
9026	1024
7016	1024
5733	1024
7991	1024
6337	1024
9707	1024
8927	1024
2811	1024
3743	1024
8095	1024
482	1024
146	1024
4407	1024
4535	1024
8043	1024
8091	1024
6767	1024
6894	1024
3593	1024
9712	1024
3483	1024
823	1024
1999	1024
563	1024
1017	1024
1718	1024
3632	1024
9022	1024
653	1024
9548	1024
8610	1024
6030	1024
6563	1024
4342	1024
4021	1024
9252	1024
400	1024
2947	1024
2062	1024
4142	1024
1041	1024
2544	1024
4288	1024
1800	1024
7078	1024
8682	1024
9890	1024
196	1024
1927	1024
9834	1024
9908	1024
5409	1024
656	1024
1906	1024
5971	1024
1672	1024
9975	1024
5954	1024
7046	1024
6979	1024
5501	1024
5655	1024
3009	1024
2064	1024
6348	1024
7029	1024
1315	1024
3099	1024
6327	1024
9728	1024
7241	1024
7367	1024
8623	1024
7880	1024
5518	1024
2053	1024
6561	1024
5407	1024
2248	1024
8487	1024
5240	1024
8507	1024
247	1024
2248	1024
6764	1024
6217	1024
271	1024
6738	1024
2170	1024
7316	1024
69	1024
4022	1024
9322	1024
3077	1024
2437	1024
5669	1024
6457	1024
103	1024
5120	1024
2783	1024
9831	1024
2360	1024
6501	1024
8453	1024
6591	1024
2019	1024
6857	1024
9503	1024
3777	1024
9105	1024
4341	1024
9017	1024
3963	1024
4587	1024
7616	1024
7079	1024
7155	1024
7886	1024
168	1024
5676	1024
1554	1024
236	1024
9697	1024
875	1024
3312	1024
8486	1024
2896	1024
6120	1024
8588	1024
8015	1024
8902	1024
4770	1024
6726	1024
5403	1024
9575	1024
3316	1024
3773	1024
6431	1024
9170	1024
7549	1024
1887	1024
3510	1024
2917	1024
5850	1024
4448	1024
6884	1024
9280	1024
1602	1024
4770	1024
9447	1024
3629	1024
6323	1024
9683	1024
9677	1024
3549	1024
9346	1024
8162	1024
6444	1024
5466	1024
6750	1024
4458	1024
4367	1024
1519	1024
7535	1024
6121	1024
1093	1024
7202	1024
6245	1024
3876	1024
6371	1024
3794	1024
5762	1024
9880	1024
3062	1024
7963	1024
4327	1024
9946	1024
7242	1024
2280	1024
1067	1024
6689	1024
5908	1024
7389	1024
2723	1024
5585	1024
7289	1024
2068	1024
98	1024
3733	1024
3885	1024
6847	1024
4542	1024
4604	1024
4718	1024
2077	1024
724	1024
2162	1024
9278	1024
3321	1024
6037	1024
2001	1024
3466	1024
8151	1024
8232	1024
6527	1024
6113	1024
8911	1024
2824	1024
9707	1024
1190	1024
3890	1024
2747	1024
3450	1024
7630	1024
5469	1024
5386	1024
4919	1024
3888	1024
5483	1024
5003	1024
7773	1024
8682	1024
9544	1024
8728	1024
9751	1024
7972	1024
5803	1024
8264	1024
3602	1024
9123	1024
653	1024
1954	1024
2588	1024
8803	1024
185	1024
5467	1024
1267	1024
9095	1024
8290	1024
973	1024
6637	1024
8532	1024
3719	1024
6438	1024
2513	1024
5539	1024
1823	1024
3783	1024
9427	1024
3657	1024
8785	1024
3551	1024
8690	1024
4681	1024
2278	1024
4792	1024
9004	1024
4432	1024
3056	1024
8957	1024
3555	1024
3708	1024
910	1024
6142	1024
8862	1024
1095	1024
7960	1024
128	1024
6541	1024
2602	1024
1101	1024
3177	1024
1133	1024
1171	1024
9614	1024
9997	1024
6710	1024
7788	1024
3780	1024
2488	1024
7797	1024
8916	1024
2390	1024
6486	1024
9948	1024
1019	1024
1278	1024
8952	1024
5450	1024
685	1024
4260	1024
9004	1024
4392	1024
5170	1024
1498	1024
3253	1024
2616	1024
9457	1024
9732	1024
5508	1024
2058	1024
7184	1024
8685	1024
9542	1024
8355	1024
4650	1024
9539	1024
1416	1024
8790	1024
9670	1024
3903	1024
6586	1024
8585	1024
2644	1024
3071	1024
8533	1024
3662	1024
700	1024
3836	1024
5463	1024
1384	1024
8095	1024
4467	1024
2127	1024
9616	1024
2316	1024
1731	1024
8583	1024
8124	1024
1463	1024
4091	1024
6534	1024
8646	1024
9127	1024
2427	1024
3352	1024
128	1024
8317	1024
4767	1024
8917	1024
7986	1024
5021	1024
5502	1024
6571	1024
4016	1024
4925	1024
1455	1024
7677	1024
5624	1024
1642	1024
3140	1024
3360	1024
6088	1024
3958	1024
5486	1024
2056	1024
2625	1024
7217	1024
638	1024
7100	1024
8679	1024
1080	1024
3633	1024
3676	1024
6558	1024
2412	1024
3380	1024
6686	1024
728	1024
8146	1024
1954	1024
8714	1024
9519	1024
7456	1024
1636	1024
3534	1024
8732	1024
9442	1024
7563	1024
707	1024
1083	1024
7054	1024
4066	1024
3522	1024
7363	1024
5904	1024
5577	1024
6339	1024
3120	1024
2567	1024
3438	1024
8150	1024
9998	1024
3423	1024
8177	1024
6556	1024
5834	1024
1556	1024
9593	1024
6561	1024
6054	1024
1546	1024
5274	1024
1924	1024
5353	1024
3261	1024
1809	1024
4084	1024
2702	1024
5723	1024
1143	1024
136	1024
2776	1024
1560	1024
3658	1024
6490	1024
7463	1024
9234	1024
2828	1024
6934	1024
8152	1024
2618	1024
1435	1024
8150	1024
6040	1024
5964	1024
4705	1024
1873	1024
7519	1024
649	1024
4785	1024
9924	1024
2194	1024
6411	1024
1847	1024
7547	1024
9671	1024
3656	1024
7982	1024
8725	1024
9378	1024
5476	1024
8860	1024
8506	1024
7036	1024
2517	1024
1347	1024
850	1024
8103	1024
4175	1024
7784	1024
6254	1024
3144	1024
5570	1024
755	1024
9183	1024
1533	1024
1811	1024
7407	1024
5404	1024
2459	1024
2191	1024
5327	1024
4653	1024
8601	1024
3526	1024
8551	1024
4624	1024
3533	1024
2884	1024
3348	1024
9262	1024
8360	1024
2207	1024
7767	1024
5395	1024
1076	1024
5466	1024
2596	1024
9178	1024
9640	1024
6731	1024
1783	1024
2783	1024
2301	1024
2538	1024
8317	1024
3833	1024
4348	1024
5723	1024
5588	1024
6807	1024
4265	1024
915	1024
7811	1024
2866	1024
4440	1024
2713	1024
3841	1024
7972	1024
5596	1024
7188	1024
7233	1024
3955	1024
5746	1024
1352	1024
5701	1024
6821	1024
6817	1024
8297	1024
2350	1024
2808	1024
1379	1024
4133	1024
1942	1024
3679	1024
3022	1024
258	1024
3864	1024
3721	1024
2332	1024
9451	1024
6879	1024
6596	1024
6717	1024
4689	1024
5813	1024
1156	1024
7401	1024
9653	1024
5479	1024
9349	1024
6840	1024
2712	1024
3303	1024
8938	1024
415	1024
5356	1024
5758	1024
7231	1024
4	1024
8108	1024
6390	1024
1382	1024
8592	1024
8331	1024
1413	1024
1613	1024
4940	1024
5276	1024
1685	1024
7271	1024
1078	1024
8564	1024
3866	1024
7795	1024
9604	1024
9679	1024
5302	1024
7005	1024
5683	1024
781	1024
6353	1024
8875	1024
9844	1024
6007	1024
7812	1024
258	1024
7714	1024
3569	1024
3840	1024
7717	1024
8028	1024
229	1024
5451	1024
6619	1024
4911	1024
6863	1024
4583	1024
9850	1024
8490	1024
6268	1024
7120	1024
9567	1024
1183	1024
7337	1024
3713	1024
786	1024
3367	1024
9015	1024
7790	1024
9050	1024
9795	1024
494	1024
7924	1024
5990	1024
2853	1024
5735	1024
6247	1024
566	1024
9303	1024
6438	1024
4635	1024
3683	1024
3018	1024
85	1024
301	1024
7928	1024
6947	1024
1236	1024
4129	1024
1788	1024
7503	1024
7600	1024
1354	1024
8685	1024
4936	1024
1419	1024
9470	1024
8303	1024
433	1024
3612	1024
7352	1024
6579	1024
457	1024
1627	1024
2568	1024
3309	1024
7361	1024
5166	1024
227	1024
3015	1024
1603	1024
4861	1024
6697	1024
972	1024
4945	1024
3350	1024
5251	1024
8243	1024
4585	1024
9379	1024
6382	1024
8439	1024
6978	1024
4087	1024
3475	1024
8265	1024
5505	1024
9296	1024
6567	1024
5937	1024
9259	1024
270	1024
8867	1024
9716	1024
1896	1024
1434	1024
9376	1024
9256	1024
6599	1024
5954	1024
8623	1024
4553	1024
814	1024
1671	1024
5524	1024
2110	1024
5020	1024
7126	1024
6704	1024
9604	1024
6504	1024
3085	1024
4394	1024
9833	1024
3524	1024
7868	1024
8098	1024
9028	1024
7164	1024
1016	1024
1317	1024
6422	1024
1286	1024
183	1024
2489	1024
9533	1024
1617	1024
1865	1024
5141	1024
4567	1024
7818	1024
3763	1024
9120	1024
4984	1024
5433	1024
995	1024
3445	1024
453	1024
8121	1024
149	1024
6408	1024
976	1024
9585	1024
802	1024
809	1024
9460	1024
5021	1024
5258	1024
8488	1024
2184	1024
2625	1024
6156	1024
4958	1024
3910	1024
6338	1024
7446	1024
3443	1024
4306	1024
5662	1024
4935	1024
8873	1024
9832	1024
8697	1024
4344	1024
4815	1024
481	1024
5338	1024
8259	1024
7285	1024
3458	1024
4759	1024
45	1024
786	1024
696	1024
7198	1024
1594	1024
155	1024
2218	1024
3203	1024
4994	1024
4402	1024
5827	1024
1149	1024
9359	1024
6089	1024
3839	1024
3156	1024
5883	1024
4496	1024
8818	1024
817	1024
9720	1024
8649	1024
5865	1024
4063	1024
9815	1024
6345	1024
5753	1024
8073	1024
3630	1024
5562	1024
9184	1024
3674	1024
6347	1024
6231	1024
871	1024
4292	1024
2737	1024
9440	1024
7494	1024
7731	1024
3841	1024
9673	1024
5231	1024
9551	1024
5761	1024
5421	1024
2707	1024
1643	1024
9917	1024
7876	1024
2459	1024
9636	1024
6524	1024
8323	1024
51	1024
6338	1024
1019	1024
5803	1024
762	1024
4648	1024
1364	1024
6297	1024
4673	1024
4063	1024
8879	1024
1895	1024
8354	1024
1616	1024
1335	1024
5848	1024
5698	1024
1527	1024
5520	1024
7280	1024
7430	1024
7632	1024
2701	1024
6488	1024
9274	1024
8969	1024
4363	1024
8084	1024
4956	1024
7238	1024
2758	1024
1358	1024
3575	1024
3776	1024
7160	1024
688	1024
4776	1024
4876	1024
6985	1024
5800	1024
8938	1024
5863	1024
4047	1024
3643	1024
3830	1024
5381	1024
5842	1024
9527	1024
3259	1024
7713	1024
3159	1024
688	1024
5344	1024
5859	1024
3527	1024
969	1024
1179	1024
7889	1024
9052	1024
6134	1024
1478	1024
8161	1024
7492	1024
5052	1024
8289	1024
1003	1024
2092	1024
3064	1024
2230	1024
5428	1024
5215	1024
7519	1024
7642	1024
9261	1024
1162	1024
1472	1024
993	1024
7003	1024
7350	1024
4252	1024
4716	1024
508	1024
1291	1024
59	1024
2718	1024
4818	1024
7380	1024
3896	1024
9058	1024
6431	1024
6382	1024
536	1024
944	1024
225	1024
1939	1024
9232	1024
7579	1024
4030	1024
2295	1024
9809	1024
9457	1024
3861	1024
3679	1024
7099	1024
3122	1024
4840	1024
4922	1024
4114	1024
8195	1024
2271	1024
4717	1024
2910	1024
9131	1024
6008	1024
9320	1024
1848	1024
7177	1024
6699	1024
2096	1024
6234	1024
9482	1024
8477	1024
6769	1024
425	1024
5053	1024
5060	1024
6008	1024
2631	1024
9089	1024
8302	1024
8791	1024
4898	1024
8514	1024
2470	1024
8348	1024
1635	1024
7309	1024
9621	1024
5749	1024
5503	1024
1891	1024
6817	1024
4764	1024
7373	1024
2824	1024
436	1024
9221	1024
10000	1024
3486	1024
1316	1024
6234	1024
2967	1024
6144	1024
9354	1024
9743	1024
1196	1024
4413	1024
5750	1024
178	1024
9854	1024
403	1024
8969	1024
1103	1024
8917	1024
7790	1024
9450	1024
6903	1024
1450	1024
9070	1024
9003	1024
3305	1024
7312	1024
5820	1024
8068	1024
4685	1024
8643	1024
4855	1024
257	1024
4995	1024
8341	1024
7924	1024
7580	1024
7659	1024
419	1024
3285	1024
7402	1024
1614	1024
4050	1024
9503	1024
8143	1024
3903	1024
6258	1024
3463	1024
5005	1024
1526	1024
1252	1024
806	1024
8428	1024
2702	1024
9875	1024
7431	1024
2358	1024
3538	1024
9602	1024
6777	1024
4574	1024
8244	1024
1632	1024
4830	1024
9590	1024
9972	1024
2753	1024
7169	1024
7630	1024
3171	1024
454	1024
1383	1024
1136	1024
4503	1024
7238	1024
5631	1024
4757	1024
9847	1024
9093	1024
6113	1024
1372	1024
6697	1024
6918	1024
6151	1024
5750	1024
3144	1024
9933	1024
8107	1024
6681	1024
9534	1024
4883	1024
1255	1024
4130	1024
6514	1024
6084	1024
3719	1024
2837	1024
5189	1024
7240	1024
6819	1024
4711	1024
4045	1024
4553	1024
2199	1024
8547	1024
1790	1024
7829	1024
9655	1024
7988	1024
3273	1024
5767	1024
9359	1024
9969	1024
2684	1024
1862	1024
5718	1024
5827	1024
1794	1024
3824	1024
8859	1024
7680	1024
5059	1024
113	1024
8161	1024
1572	1024
2549	1024
8231	1024
761	1024
4089	1024
5470	1024
7579	1024
5151	1024
9514	1024
2131	1024
7349	1024
4412	1024
273	1024
1529	1024
4066	1024
8260	1024
1154	1024
9832	1024
3971	1024
1122	1024
8867	1024
5832	1024
3192	1024
4693	1024
3977	1024
3367	1024
9904	1024
8008	1024
8425	1024
16	1024
6168	1024
6349	1024
8916	1024
4399	1024
7109	1024
3004	1024
6220	1024
4687	1024
8155	1024
2086	1024
3169	1024
1855	1024
6497	1024
3441	1024
9736	1024
6915	1024
1701	1024
889	1024
3098	1024
2023	1024
2010	1024
1965	1024
7854	1024
5201	1024
3009	1024
8182	1024
4920	1024
2912	1024
6190	1024
3344	1024
9280	1024
8709	1024
9692	1024
8195	1024
3107	1024
6800	1024
1199	1024
5679	1024
7838	1024
5705	1024
4116	1024
1007	1024
3911	1024
612	1024
799	1024
3646	1024
3878	1024
8851	1024
4534	1024
6976	1024
873	1024
2896	1024
5292	1024
5078	1024
4448	1024
4652	1024
3260	1024
9367	1024
7564	1024
9449	1024
2711	1024
3195	1024
8157	1024
8754	1024
1389	1024
7616	1024
1906	1024
8939	1024
9646	1024
9743	1024
995	1024
3761	1024
7101	1024
4906	1024
724	1024
4252	1024
4903	1024
954	1024
3102	1024
9437	1024
7929	1024
327	1024
2332	1024
9572	1024
5404	1024
3131	1024
4223	1024
8663	1024
2498	1024
8138	1024
4463	1024
1560	1024
1332	1024
8972	1024
313	1024
9073	1024
2939	1024
2218	1024
4363	1024
2584	1024
8313	1024
5358	1024
2696	1024
1765	1024
6615	1024
3419	1024
2368	1024
1517	1024
4372	1024
1822	1024
953	1024
8652	1024
2148	1024
9636	1024
4575	1024
3903	1024
9119	1024
5150	1024
8918	1024
1616	1024
3287	1024
3380	1024
3175	1024
971	1024
8703	1024
9839	1024
6395	1024
1641	1024
8409	1024
757	1024
576	1024
3073	1024
2466	1024
3271	1024
1189	1024
9080	1024
3042	1024
3557	1024
597	1024
3765	1024
5378	1024
7901	1024
8769	1024
3877	1024
3889	1024
3343	1024
4131	1024
3007	1024
8492	1024
3048	1024
4622	1024
8131	1024
2780	1024
4148	1024
5453	1024
1482	1024
338	1024
8199	1024
3123	1024
8746	1024
8955	1024
50	1024
1818	1024
1421	1024
9673	1024
9359	1024
6852	1024
2714	1024
2915	1024
7448	1024
2830	1024
4644	1024
1701	1024
1598	1024
4872	1024
5589	1024
1293	1024
9002	1024
8595	1024
9784	1024
2050	1024
9568	1024
4266	1024
4829	1024
67	1024
6070	1024
2662	1024
404	1024
4268	1024
2136	1024
5502	1024
9575	1024
2186	1024
3671	1024
995	1024
1858	1024
3029	1024
4198	1024
923	1024
2295	1024
1646	1024
104	1024
6938	1024
9698	1024
1702	1024
8161	1024
5286	1024
2994	1024
3515	1024
232	1024
9129	1024
1916	1024
9799	1024
9747	1024
3096	1024
6217	1024
5816	1024
5757	1024
6620	1024
6436	1024
7893	1024
2121	1024
6010	1024
6430	1024
5792	1024
3356	1024
4639	1024
5172	1024
7553	1024
1913	1024
7467	1024
5550	1024
2016	1024
756	1024
5247	1024
3717	1024
8917	1024
6884	1024
3062	1024
2431	1024
7115	1024
8543	1024
4346	1024
3265	1024
8289	1024
7441	1024
9481	1024
456	1024
9549	1024
6101	1024
6891	1024
7441	1024
4573	1024
9252	1024
222	1024
6716	1024
2607	1024
4860	1024
1888	1024
160	1024
6772	1024
9354	1024
2061	1024
5140	1024
109	1024
7308	1024
8856	1024
5377	1024
4191	1024
8270	1024
7807	1024
1306	1024
6812	1024
8504	1024
922	1024
1452	1024
2296	1024
403	1024
1907	1024
1845	1024
2855	1024
5150	1024
5637	1024
7427	1024
4401	1024
5859	1024
4143	1024
3360	1024
7070	1024
2382	1024
3519	1024
194	1024
1735	1024
1931	1024
5333	1024
8195	1024
9238	1024
540	1024
3572	1024
9781	1024
8809	1024
7730	1024
7438	1024
1972	1024
6234	1024
8359	1024
3423	1024
8529	1024
8761	1024
1682	1024
6725	1024
1615	1024
3183	1024
8714	1024
5394	1024
7583	1024
924	1024
5888	1024
7294	1024
7993	1024
8269	1024
7164	1024
4538	1024
6355	1024
9095	1024
9870	1024
4549	1024
8332	1024
410	1024
8120	1024
4464	1024
5570	1024
5850	1024
1901	1024
3894	1024
8435	1024
260	1024
7316	1024
3315	1024
5372	1024
5349	1024
40	1024
6987	1024
8531	1024
8753	1024
8732	1024
2466	1024
9676	1024
4619	1024
9759	1024
4020	1024
2887	1024
6923	1024
8558	1024
9241	1024
6017	1024
8427	1024
141	1024
700	1024
5188	1024
8261	1024
5164	1024
7110	1024
462	1024
7064	1024
1003	1024
8896	1024
3675	1024
4670	1024
2210	1024
9047	1024
19	1024
8601	1024
6033	1024
8549	1024
7353	1024
4764	1024
7366	1024
3380	1024
5734	1024
7125	1024
7400	1024
8620	1024
4047	1024
2309	1024
4212	1024
6415	1024
7087	1024
4352	1024
7114	1024
8627	1024
8964	1024
2277	1024
5736	1024
9425	1024
5693	1024
3090	1024
4672	1024
9367	1024
7759	1024
6882	1024
8413	1024
7777	1024
1834	1024
797	1024
2678	1024
9187	1024
1912	1024
43	1024
8918	1024
7645	1024
3519	1024
2669	1024
2616	1024
7565	1024
4977	1024
3179	1024
331	1024
8416	1024
3883	1024
7445	1024
7042	1024
2846	1024
6073	1024
2777	1024
8623	1024
8117	1024
5866	1024
3294	1024
7484	1024
9976	1024
6527	1024
2248	1024
7753	1024
8361	1024
9397	1024
6782	1024
3899	1024
1308	1024
6824	1024
9168	1024
5305	1024
343	1024
8189	1024
4272	1024
4259	1024
9517	1024
7451	1024
4590	1024
7932	1024
1333	1024
8386	1024
4973	1024
530	1024
810	1024
4101	1024
5504	1024
8927	1024
6318	1024
8798	1024
6410	1024
6294	1024
1676	1024
5009	1024
398	1024
6388	1024
4405	1024
7179	1024
6638	1024
2065	1024
354	1024
5806	1024
3721	1024
7048	1024
3994	1024
4344	1024
7659	1024
3510	1024
1794	1024
8600	1024
7794	1024
9478	1024
6985	1024
2766	1024
6360	1024
7794	1024
3219	1024
1863	1024
6720	1024
5888	1024
7012	1024
9481	1024
2181	1024
8688	1024
4490	1024
8930	1024
1427	1024
5246	1024
2460	1024
8065	1024
3662	1024
2814	1024
222	1024
7382	1024
6213	1024
4215	1024
1726	1024
3871	1024
4076	1024
9871	1024
2470	1024
1869	1024
5701	1024
5806	1024
987	1024
2060	1024
3600	1024
557	1024
274	1024
6671	1024
6444	1024
7286	1024
2504	1024
8625	1024
2325	1024
3345	1024
3906	1024
3751	1024
8590	1024
6366	1024
8167	1024
2252	1024
9179	1024
8388	1024
5985	1024
1743	1024
8954	1024
4062	1024
5614	1024
3030	1024
285	1024
4435	1024
1250	1024
2337	1024
241	1024
8588	1024
4396	1024
192	1024
9144	1024
1021	1024
3214	1024
5588	1024
8306	1024
5717	1024
564	1024
6982	1024
9061	1024
4469	1024
733	1024
4003	1024
834	1024
8899	1024
2606	1024
6364	1024
3639	1024
4942	1024
8107	1024
2592	1024
9004	1024
3720	1024
5621	1024
5640	1024
4506	1024
3223	1024
7976	1024
4746	1024
1810	1024
8723	1024
1289	1024
954	1024
9743	1024
4503	1024
6541	1024
4401	1024
6571	1024
3456	1024
1382	1024
5632	1024
7924	1024
8466	1024
9634	1024
8758	1024
3717	1024
8591	1024
5121	1024
7355	1024
3532	1024
3227	1024
9946	1024
2535	1024
3298	1024
1919	1024
8174	1024
7804	1024
5141	1024
2501	1024
8901	1024
6950	1024
1223	1024
190	1024
4255	1024
966	1024
1044	1024
7147	1024
5366	1024
7614	1024
602	1024
3099	1024
9597	1024
8526	1024
1565	1024
9230	1024
3635	1024
5281	1024
7820	1024
5107	1024
2635	1024
7704	1024
8334	1024
8932	1024
238	1024
7983	1024
850	1024
4764	1024
5786	1024
5990	1024
7264	1024
1039	1024
9292	1024
4839	1024
1228	1024
9898	1024
5804	1024
8623	1024
7045	1024
7521	1024
6236	1024
7646	1024
619	1024
5833	1024
2523	1024
8535	1024
1414	1024
2509	1024
3815	1024
5586	1024
7616	1024
2801	1024
3289	1024
2301	1024
8085	1024
9878	1024
283	1024
8934	1024
993	1024
2421	1024
1276	1024
8257	1024
3459	1024
6919	1024
3095	1024
4686	1024
6816	1024
5250	1024
3308	1024
3860	1024
2770	1024
5895	1024
7858	1024
9740	1024
8079	1024
6732	1024
8275	1024
9493	1024
9241	1024
8441	1024
5078	1024
6856	1024
7594	1024
4718	1024
9156	1024
2030	1024
4595	1024
9438	1024
963	1024
5588	1024
8210	1024
8590	1024
196	1024
1668	1024
5508	1024
9642	1024
2705	1024
2324	1024
4891	1024
2364	1024
2535	1024
4012	1024
8259	1024
392	1024
103	1024
6337	1024
3476	1024
4729	1024
5829	1024
2716	1024
3170	1024
7258	1024
5923	1024
7115	1024
8327	1024
5078	1024
9144	1024
2922	1024
867	1024
6458	1024
8509	1024
9077	1024
1400	1024
5056	1024
744	1024
6907	1024
4697	1024
9801	1024
5582	1024
5939	1024
2164	1024
8117	1024
9950	1024
422	1024
4860	1024
6404	1024
3111	1024
8335	1024
1133	1024
5291	1024
7402	1024
654	1024
8901	1024
3324	1024
7768	1024
7227	1024
8401	1024
3263	1024
148	1024
5620	1024
6072	1024
5008	1024
1048	1024
7471	1024
63	1024
8143	1024
730	1024
1111	1024
7943	1024
6311	1024
7049	1024
107	1024
779	1024
3350	1024
6880	1024
1991	1024
9754	1024
9990	1024
325	1024
886	1024
5281	1024
7727	1024
1539	1024
4181	1024
7402	1024
5658	1024
7759	1024
5803	1024
8920	1024
7907	1024
7774	1024
1343	1024
9266	1024
8821	1024
8814	1024
9329	1024
6963	1024
9543	1024
439	1024
4906	1024
2205	1024
3840	1024
1364	1024
2984	1024
7189	1024
8243	1024
4974	1024
6942	1024
4585	1024
1650	1024
7827	1024
9865	1024
5728	1024
5717	1024
397	1024
3130	1024
1374	1024
8155	1024
5284	1024
6645	1024
2413	1024
9409	1024
7988	1024
1679	1024
8229	1024
3153	1024
7359	1024
1543	1024
2695	1024
4149	1024
2800	1024
1251	1024
7988	1024
4163	1024
4234	1024
5177	1024
8758	1024
5559	1024
2118	1024
3342	1024
3561	1024
6297	1024
3206	1024
9288	1024
2013	1024
9954	1024
8769	1024
3387	1024
4460	1024
4052	1024
6383	1024
6873	1024
3460	1024
4370	1024
4903	1024
8040	1024
7522	1024
2261	1024
9583	1024
6568	1024
6409	1024
2382	1024
7819	1024
749	1024
2897	1024
8404	1024
5925	1024
1654	1024
315	1024
4394	1024
4995	1024
3875	1024
690	1024
4552	1024
3162	1024
9055	1024
857	1024
8283	1024
2441	1024
5316	1024
8686	1024
5175	1024
8540	1024
8498	1024
9545	1024
3442	1024
6537	1024
3418	1024
2054	1024
2471	1024
6338	1024
4815	1024
1205	1024
508	1024
5563	1024
453	1024
8911	1024
7839	1024
2106	1024
5577	1024
8584	1024
3452	1024
9451	1024
9274	1024
8003	1024
8965	1024
8328	1024
8859	1024
7247	1024
7120	1024
526	1024
2284	1024
2294	1024
